FluorCam7 Numeric Avg Export File
-----------------------------------
	Area 1	Area 2	Area 3	Area 4	Area 5	Area 6	Area 7	Area 8	Area 9	Area 10	Area 11	Area 12
Size [pixels]	234	261	209	331	174	204	206	343	194	525	399	139
Size [mm2]	171.88	191.71	153.52	243.13	127.81	149.84	151.31	251.94	142.50	385.62	293.07	102.10
Fo	58.51	59.80	56.83	59.43	62.99	68.18	47.81	62.85	57.43	72.22	71.24	47.31
Fm	420.04	382.48	363.32	432.66	446.49	493.02	364.56	388.31	429.54	522.16	538.98	373.80
Fv	361.53	322.69	306.49	373.23	383.50	424.85	316.75	325.47	372.11	449.95	467.74	326.49
Fp	410.24	375.35	352.55	401.51	416.24	457.79	319.54	379.38	396.17	500.66	511.89	343.96
Fm_L1	298.10	263.05	249.05	307.60	296.31	356.40	260.73	295.56	305.90	350.89	366.90	254.93
Fm_L2	226.13	217.60	200.07	230.56	222.94	272.65	197.91	242.48	239.95	267.73	282.33	205.69
Fm_L3	209.17	201.90	194.61	213.19	206.75	253.86	184.28	218.02	217.84	242.32	250.56	185.67
Fm_L4	196.65	202.22	186.30	211.69	189.97	242.84	178.38	209.01	211.02	221.89	237.59	177.84
Fm_L5	181.76	199.77	187.81	207.63	180.06	233.10	167.37	200.22	201.22	211.06	220.52	169.81
Fm_L6	174.89	198.94	187.62	202.65	177.51	229.37	168.66	195.45	196.14	203.23	211.02	169.21
Fm_L7	169.20	194.48	179.56	197.47	169.29	215.41	166.07	183.03	188.96	193.83	206.70	156.89
Fm_L8	168.23	182.75	168.68	187.86	160.05	203.38	150.25	179.77	179.36	186.75	192.47	148.38
Fm_L9	154.89	165.38	164.10	177.05	149.85	188.04	145.48	172.08	167.30	176.66	177.90	139.71
Fm_L10	146.60	158.45	156.15	166.42	146.08	179.44	136.47	162.31	156.36	167.20	169.49	134.30
Fm_L11	141.96	151.88	146.62	160.11	138.26	169.46	125.94	153.82	148.60	160.01	158.32	127.97
Fm_L12	138.73	145.41	147.27	156.85	140.01	163.82	122.75	149.57	147.71	157.98	156.09	124.50
Fm_L13	133.60	139.73	138.98	152.21	136.28	159.94	126.09	147.30	140.32	151.70	154.07	119.16
Fm_L14	135.45	135.09	135.89	144.20	129.94	154.83	114.48	140.72	135.96	148.00	154.20	115.09
Fm_Lss	132.94	133.13	133.42	141.01	129.47	149.55	112.36	144.43	127.05	147.47	143.58	98.24
Fm_D1	159.99	165.84	166.86	178.88	158.41	187.94	138.59	177.55	162.22	177.64	178.08	124.32
Fm_D2	193.91	190.77	190.69	212.38	180.41	229.24	167.60	200.98	195.85	213.25	217.27	151.02
Fm_D3	240.43	228.24	218.47	256.51	232.60	279.26	205.40	227.71	243.40	269.19	281.70	135.38
Fm_D4	272.61	251.87	236.88	287.15	280.34	324.78	227.86	255.50	266.92	315.99	330.24	121.34
Ft_L1	293.86	249.52	237.59	298.47	283.34	344.73	255.89	281.32	298.00	343.65	358.58	253.31
Ft_L2	213.67	199.69	189.38	217.38	215.52	257.71	187.94	222.93	220.16	256.22	267.50	189.61
Ft_L3	194.00	191.40	180.61	202.87	186.69	235.97	170.92	199.17	202.79	225.89	237.94	173.06
Ft_L4	174.70	184.67	174.95	192.80	176.95	222.91	164.96	188.86	193.84	206.08	219.39	165.98
Ft_L5	166.12	180.30	166.86	188.20	167.74	212.62	156.81	182.42	184.55	193.51	205.93	156.42
Ft_L6	160.32	173.58	166.75	182.49	164.82	207.16	153.77	175.54	182.15	183.36	197.84	153.14
Ft_L7	148.81	169.56	161.40	179.24	149.77	198.82	143.57	165.68	171.73	175.45	184.88	143.78
Ft_L8	146.22	160.32	154.57	173.77	145.17	187.35	139.63	159.27	163.36	172.55	176.08	138.58
Ft_L9	133.69	148.84	146.54	160.11	137.74	170.92	129.22	150.08	151.59	158.89	162.43	126.63
Ft_L10	130.72	137.33	136.50	146.51	129.20	158.75	119.39	146.25	138.11	146.48	148.68	118.25
Ft_L11	126.32	134.35	131.77	146.48	123.94	154.34	114.16	141.70	133.44	144.24	144.30	113.13
Ft_L12	125.19	126.61	128.30	136.98	117.56	144.11	104.89	135.48	126.87	136.40	138.06	105.73
Ft_L13	118.38	119.28	118.05	129.43	113.86	139.19	101.01	132.41	123.21	129.55	135.91	97.25
Ft_L14	111.58	116.03	115.66	127.73	108.04	137.67	99.27	124.48	117.91	128.95	129.23	96.56
Ft_Lss	111.10	113.85	116.70	122.20	108.54	129.59	96.92	124.35	115.42	125.46	125.50	81.99
Ft_D1	53.42	58.18	59.57	57.64	50.58	64.73	45.73	67.66	54.11	62.19	59.63	45.00
Ft_D2	53.36	56.28	56.98	56.60	51.86	66.37	43.56	63.23	52.73	57.12	57.94	37.64
Ft_D3	52.52	58.17	58.26	58.39	59.37	65.99	43.61	65.72	55.99	62.63	63.11	30.06
Ft_D4	60.26	53.77	60.05	55.26	59.84	67.00	46.68	67.01	55.60	67.23	61.44	27.70
Fo_L1	55.36	55.83	53.02	56.29	58.79	64.74	45.44	59.81	54.48	67.65	67.08	44.68
Fo_L2	52.27	53.46	50.40	53.04	55.18	61.32	43.06	57.27	51.94	63.83	63.60	42.88
Fo_L3	51.31	52.46	50.04	52.07	54.13	60.32	42.38	55.80	50.83	62.27	61.83	41.94
Fo_L4	50.52	52.48	49.48	51.98	52.91	59.67	42.06	55.19	50.45	60.83	61.01	41.52
Fo_L5	49.48	52.31	49.58	51.73	52.11	59.07	41.41	54.55	49.86	59.99	59.82	41.07
Fo_L6	48.95	52.26	49.57	51.41	51.90	58.83	41.49	54.19	49.55	59.34	59.10	41.03
Fo_L7	48.49	51.94	48.99	51.07	51.17	57.86	41.33	53.19	49.08	58.51	58.75	40.27
Fo_L8	48.41	51.07	48.14	50.41	50.29	56.96	40.28	52.91	48.40	57.85	57.54	39.68
Fo_L9	47.24	49.61	47.76	49.59	49.24	55.69	39.93	52.23	47.48	56.84	56.17	39.04
Fo_L10	46.44	48.97	47.06	48.72	48.83	54.91	39.22	51.29	46.56	55.82	55.30	38.60
Fo_L11	45.97	48.32	46.16	48.17	47.92	53.94	38.30	50.41	45.84	55.00	54.06	38.06
Fo_L12	45.62	47.65	46.22	47.87	48.13	53.35	38.00	49.95	45.76	54.76	53.80	37.75
Fo_L13	45.05	47.02	45.37	47.43	47.68	52.93	38.31	49.69	45.02	53.98	53.55	37.24
Fo_L14	45.26	46.49	45.04	46.62	46.88	52.36	37.16	48.92	44.56	53.51	53.57	36.83
Fo_Lss	44.98	46.25	44.76	46.28	46.82	51.74	36.94	49.36	43.56	53.44	52.23	34.92
Fo_D1	47.71	49.65	47.99	49.74	50.13	55.68	39.39	52.72	47.06	56.94	56.19	37.73
Fo_D2	50.33	51.68	49.78	52.02	52.14	58.82	41.43	54.61	49.53	60.16	59.58	39.87
Fo_D3	53.00	54.08	51.49	54.31	55.76	61.65	43.40	56.41	52.10	63.91	63.56	38.69
Fo_D4	54.41	55.31	52.45	55.56	58.13	63.62	44.33	57.97	53.10	66.24	65.74	37.45
Fv_L1	242.75	207.22	196.03	251.31	237.52	291.65	215.29	235.75	251.41	283.24	299.82	210.26
Fv_L2	173.87	164.13	149.67	177.52	167.75	211.33	154.86	185.21	188.01	203.90	218.73	162.81
Fv_L3	157.87	149.44	144.57	161.12	152.61	193.54	141.91	162.22	167.02	180.05	188.73	143.73
Fv_L4	146.14	149.74	136.82	159.71	137.06	183.16	136.32	153.82	160.58	161.06	176.58	136.32
Fv_L5	132.29	147.45	138.23	155.90	127.94	174.04	125.96	145.67	151.35	151.07	160.71	128.74
Fv_L6	125.94	146.68	138.05	151.24	125.62	170.55	127.17	141.25	146.60	143.90	151.92	128.18
Fv_L7	120.70	142.53	130.57	146.39	118.12	157.54	124.74	129.83	139.89	135.32	147.95	116.62
Fv_L8	119.81	131.68	120.54	137.45	109.76	146.42	109.97	126.86	130.96	128.90	134.93	108.70
Fv_L9	107.64	115.77	116.34	127.45	100.61	132.35	105.55	119.85	119.82	119.82	121.73	100.67
Fv_L10	100.15	109.48	109.09	117.70	97.26	124.53	97.25	111.02	109.81	111.37	114.19	95.70
Fv_L11	96.00	103.56	100.46	111.95	90.34	115.52	87.64	103.41	102.76	105.01	104.26	89.91
Fv_L12	93.10	97.76	101.04	108.98	91.88	110.47	84.75	99.63	101.95	103.23	102.29	86.76
Fv_L13	88.55	92.71	93.61	104.78	88.60	107.01	87.78	97.61	95.29	97.72	100.52	81.92
Fv_L14	90.18	88.60	90.85	97.58	83.06	102.47	77.31	91.80	91.40	94.50	100.63	78.26
Fv_Lss	87.96	86.88	88.66	94.73	82.65	97.81	75.42	95.07	83.49	94.03	91.35	63.32
Fv_D1	112.28	116.19	118.87	129.14	108.28	132.26	99.20	124.83	115.16	120.69	121.90	86.59
Fv_D2	143.58	139.09	140.91	160.36	128.27	170.42	126.17	146.37	146.33	153.09	157.69	111.15
Fv_D3	187.44	174.16	166.98	202.21	176.84	217.61	162.00	171.30	191.30	205.28	218.14	96.69
Fv_D4	218.20	196.56	184.43	231.58	222.22	261.16	183.54	197.53	213.82	249.75	264.49	83.89
Fq_L1	4.25	13.53	11.46	9.13	12.97	11.66	4.84	14.24	7.89	7.24	8.32	1.62
Fq_L2	12.46	17.90	10.69	13.18	7.42	14.94	9.97	19.55	19.79	11.50	14.82	16.08
Fq_L3	15.17	10.50	14.00	10.32	20.06	17.89	13.36	18.85	15.06	16.43	12.62	12.61
Fq_L4	21.95	17.55	11.35	18.88	13.02	19.93	13.42	20.14	17.18	15.81	18.20	11.86
Fq_L5	15.65	19.46	20.96	19.43	12.31	20.49	10.56	17.81	16.67	17.54	14.60	13.40
Fq_L6	14.56	25.36	20.87	20.17	12.70	22.21	14.90	19.91	13.99	19.88	13.18	16.07
Fq_L7	20.39	24.92	18.16	18.23	19.52	16.59	22.50	17.35	17.23	18.38	21.82	13.12
Fq_L8	22.01	22.43	14.11	14.09	14.88	16.03	10.62	20.51	16.00	14.19	16.39	9.80
Fq_L9	21.20	16.54	17.55	16.93	12.10	17.12	16.26	22.00	15.71	17.77	15.47	13.08
Fq_L10	15.88	21.12	19.65	19.91	16.89	20.70	17.08	16.07	18.26	20.71	20.81	16.05
Fq_L11	15.64	17.53	14.85	13.63	14.32	15.12	11.78	12.12	15.16	15.77	14.02	14.84
Fq_L12	13.53	18.80	18.96	19.86	22.45	19.71	17.85	14.10	20.83	21.58	18.02	18.77
Fq_L13	15.22	20.45	20.93	22.78	22.41	20.75	25.09	14.89	17.11	22.16	18.15	21.91
Fq_L14	23.86	19.06	20.23	16.47	21.90	17.16	15.20	16.24	18.06	19.05	24.97	18.53
Fq_Lss	21.83	19.29	16.72	18.81	20.93	19.96	15.44	20.08	11.63	22.00	18.08	16.24
Fq_D1	106.56	107.66	107.29	121.24	107.83	123.20	92.87	109.89	108.12	115.44	118.45	79.33
Fq_D2	140.55	134.49	133.71	155.79	128.55	162.87	124.04	137.75	143.12	156.13	159.33	113.38
Fq_D3	187.91	170.07	160.21	198.12	173.23	213.27	161.79	162.00	187.40	206.56	218.59	105.33
Fq_D4	212.35	198.10	176.83	231.89	220.50	257.78	181.18	188.49	211.32	248.75	268.80	93.64
QY_max	0.86	0.84	0.84	0.86	0.86	0.86	0.87	0.84	0.87	0.86	0.87	0.87
Fv/Fm_L1	0.81	0.79	0.79	0.82	0.80	0.82	0.83	0.80	0.82	0.81	0.82	0.82
Fv/Fm_L2	0.77	0.75	0.75	0.77	0.75	0.78	0.78	0.76	0.78	0.76	0.77	0.79
Fv/Fm_L3	0.75	0.74	0.74	0.76	0.74	0.76	0.77	0.74	0.77	0.74	0.75	0.77
Fv/Fm_L4	0.74	0.74	0.73	0.75	0.72	0.75	0.76	0.74	0.76	0.73	0.74	0.77
Fv/Fm_L5	0.73	0.74	0.74	0.75	0.71	0.75	0.75	0.73	0.75	0.72	0.73	0.76
Fv/Fm_L6	0.72	0.74	0.74	0.75	0.71	0.74	0.75	0.72	0.75	0.71	0.72	0.76
Fv/Fm_L7	0.71	0.73	0.73	0.74	0.70	0.73	0.75	0.71	0.74	0.70	0.72	0.74
Fv/Fm_L8	0.71	0.72	0.71	0.73	0.69	0.72	0.73	0.71	0.73	0.69	0.70	0.73
Fv/Fm_L9	0.69	0.70	0.71	0.72	0.67	0.70	0.73	0.70	0.72	0.68	0.68	0.72
Fv/Fm_L10	0.68	0.69	0.70	0.71	0.67	0.69	0.71	0.68	0.70	0.67	0.67	0.71
Fv/Fm_L11	0.68	0.68	0.69	0.70	0.65	0.68	0.70	0.67	0.69	0.66	0.66	0.70
Fv/Fm_L12	0.67	0.67	0.69	0.69	0.66	0.67	0.69	0.67	0.69	0.65	0.66	0.70
Fv/Fm_L13	0.66	0.66	0.67	0.69	0.65	0.67	0.70	0.66	0.68	0.64	0.65	0.69
Fv/Fm_L14	0.67	0.66	0.67	0.68	0.64	0.66	0.68	0.65	0.67	0.64	0.65	0.68
Fv/Fm_Lss	0.66	0.65	0.66	0.67	0.64	0.65	0.67	0.66	0.66	0.64	0.64	0.64
Fv/Fm_D1	0.70	0.70	0.71	0.72	0.68	0.70	0.72	0.70	0.71	0.68	0.68	0.70
Fv/Fm_D2	0.74	0.73	0.74	0.76	0.71	0.74	0.75	0.73	0.75	0.72	0.73	0.74
Fv/Fm_D3	0.78	0.76	0.76	0.79	0.76	0.78	0.79	0.75	0.79	0.76	0.77	0.71
Fv/Fm_D4	0.80	0.78	0.78	0.81	0.79	0.80	0.81	0.77	0.80	0.79	0.80	0.69
QY_L1	0.01	0.05	0.05	0.03	0.04	0.03	0.02	0.05	0.03	0.02	0.02	0.01
QY_L2	0.06	0.08	0.05	0.06	0.03	0.05	0.05	0.08	0.08	0.04	0.05	0.08
QY_L3	0.07	0.05	0.07	0.05	0.10	0.07	0.07	0.09	0.07	0.07	0.05	0.07
QY_L4	0.11	0.09	0.06	0.09	0.07	0.08	0.08	0.10	0.08	0.07	0.08	0.07
QY_L5	0.09	0.10	0.11	0.09	0.07	0.09	0.06	0.09	0.08	0.08	0.07	0.08
QY_L6	0.08	0.13	0.11	0.10	0.07	0.10	0.09	0.10	0.07	0.10	0.06	0.09
QY_L7	0.12	0.13	0.10	0.09	0.12	0.08	0.14	0.09	0.09	0.09	0.11	0.08
QY_L8	0.13	0.12	0.08	0.07	0.09	0.08	0.07	0.11	0.09	0.08	0.09	0.07
QY_L9	0.14	0.10	0.11	0.10	0.08	0.09	0.11	0.13	0.09	0.10	0.09	0.09
QY_L10	0.11	0.13	0.13	0.12	0.12	0.12	0.13	0.10	0.12	0.12	0.12	0.12
QY_L11	0.11	0.12	0.10	0.09	0.10	0.09	0.09	0.08	0.10	0.10	0.09	0.12
QY_L12	0.10	0.13	0.13	0.13	0.16	0.12	0.15	0.09	0.14	0.14	0.12	0.15
QY_L13	0.11	0.15	0.15	0.15	0.16	0.13	0.20	0.10	0.12	0.15	0.12	0.18
QY_L14	0.18	0.14	0.15	0.11	0.17	0.11	0.13	0.12	0.13	0.13	0.16	0.16
QY_Lss	0.16	0.14	0.13	0.13	0.16	0.13	0.14	0.14	0.09	0.15	0.13	0.17
QY_D1	0.67	0.65	0.64	0.68	0.68	0.66	0.67	0.62	0.67	0.65	0.67	0.64
QY_D2	0.72	0.70	0.70	0.73	0.71	0.71	0.74	0.69	0.73	0.73	0.73	0.75
QY_D3	0.78	0.75	0.73	0.77	0.74	0.76	0.79	0.71	0.77	0.77	0.78	0.78
QY_D4	0.78	0.79	0.75	0.81	0.79	0.79	0.80	0.74	0.79	0.79	0.81	0.77
NPQ_L1	0.41	0.45	0.46	0.41	0.51	0.38	0.40	0.31	0.40	0.49	0.47	0.47
NPQ_L2	0.86	0.76	0.82	0.88	1.00	0.81	0.84	0.60	0.79	0.95	0.91	0.82
NPQ_L3	1.01	0.89	0.87	1.03	1.16	0.94	0.98	0.78	0.97	1.15	1.15	1.01
NPQ_L4	1.14	0.89	0.95	1.04	1.35	1.03	1.04	0.86	1.04	1.35	1.27	1.10
NPQ_L5	1.31	0.91	0.93	1.08	1.48	1.12	1.18	0.94	1.13	1.47	1.44	1.20
NPQ_L6	1.40	0.92	0.94	1.13	1.52	1.15	1.16	0.99	1.19	1.57	1.55	1.21
NPQ_L7	1.48	0.97	1.02	1.19	1.64	1.29	1.20	1.12	1.27	1.69	1.61	1.38
NPQ_L8	1.50	1.09	1.15	1.30	1.79	1.42	1.43	1.16	1.39	1.80	1.80	1.52
NPQ_L9	1.71	1.31	1.21	1.44	1.98	1.62	1.51	1.26	1.57	1.96	2.03	1.68
NPQ_L10	1.87	1.41	1.33	1.60	2.06	1.75	1.67	1.39	1.75	2.12	2.18	1.78
NPQ_L11	1.96	1.52	1.48	1.70	2.23	1.91	1.89	1.52	1.89	2.26	2.40	1.92
NPQ_L12	2.03	1.63	1.47	1.76	2.19	2.01	1.97	1.60	1.91	2.31	2.45	2.00
NPQ_L13	2.14	1.74	1.61	1.84	2.28	2.08	1.89	1.64	2.06	2.44	2.50	2.14
NPQ_L14	2.10	1.83	1.67	2.00	2.44	2.18	2.18	1.76	2.16	2.53	2.50	2.25
NPQ_Lss	2.16	1.87	1.72	2.07	2.45	2.30	2.24	1.69	2.38	2.54	2.75	2.81
NPQ_D1	1.63	1.31	1.18	1.42	1.82	1.62	1.63	1.19	1.65	1.94	2.03	2.01
NPQ_D2	1.17	1.00	0.91	1.04	1.47	1.15	1.18	0.93	1.19	1.45	1.48	1.48
NPQ_D3	0.75	0.68	0.66	0.69	0.92	0.77	0.77	0.71	0.76	0.94	0.91	1.76
NPQ_D4	0.54	0.52	0.53	0.51	0.59	0.52	0.60	0.52	0.61	0.65	0.63	2.08
qN_L1	0.33	0.37	0.37	0.33	0.39	0.32	0.33	0.28	0.33	0.38	0.36	0.36
qN_L2	0.53	0.50	0.52	0.53	0.57	0.51	0.52	0.44	0.50	0.56	0.54	0.51
qN_L3	0.57	0.55	0.54	0.58	0.61	0.55	0.56	0.51	0.56	0.61	0.60	0.57
qN_L4	0.60	0.55	0.56	0.58	0.65	0.58	0.58	0.54	0.58	0.65	0.63	0.59
qN_L5	0.64	0.55	0.56	0.59	0.68	0.60	0.61	0.56	0.60	0.67	0.66	0.61
qN_L6	0.66	0.56	0.56	0.60	0.68	0.61	0.61	0.58	0.61	0.69	0.68	0.61
qN_L7	0.68	0.57	0.58	0.62	0.70	0.64	0.61	0.61	0.63	0.71	0.69	0.65
qN_L8	0.68	0.60	0.62	0.64	0.72	0.66	0.66	0.62	0.66	0.72	0.72	0.67
qN_L9	0.71	0.65	0.63	0.67	0.75	0.70	0.67	0.64	0.69	0.74	0.75	0.70
qN_L10	0.73	0.67	0.66	0.69	0.76	0.72	0.70	0.67	0.71	0.76	0.76	0.71
qN_L11	0.74	0.69	0.68	0.71	0.77	0.74	0.73	0.69	0.73	0.78	0.78	0.73
qN_L12	0.75	0.71	0.68	0.72	0.77	0.75	0.74	0.71	0.73	0.78	0.79	0.74
qN_L13	0.76	0.72	0.71	0.73	0.78	0.76	0.73	0.71	0.75	0.79	0.79	0.76
qN_L14	0.76	0.74	0.71	0.75	0.79	0.77	0.76	0.73	0.76	0.80	0.79	0.77
qN_Lss	0.77	0.74	0.72	0.75	0.79	0.78	0.77	0.72	0.78	0.80	0.81	0.81
qN_D1	0.70	0.65	0.62	0.66	0.73	0.70	0.69	0.63	0.70	0.74	0.75	0.74
qN_D2	0.61	0.58	0.55	0.58	0.67	0.61	0.61	0.56	0.61	0.67	0.67	0.67
qN_D3	0.49	0.47	0.46	0.47	0.55	0.50	0.50	0.48	0.49	0.55	0.54	0.71
qN_D4	0.40	0.40	0.41	0.39	0.43	0.39	0.43	0.40	0.43	0.45	0.44	0.75
qP_L1	0.02	0.07	0.06	0.04	0.05	0.04	0.02	0.06	0.03	0.03	0.03	0.01
qP_L2	0.07	0.11	0.07	0.07	0.04	0.07	0.06	0.11	0.11	0.06	0.07	0.10
qP_L3	0.10	0.07	0.10	0.06	0.13	0.09	0.09	0.12	0.09	0.09	0.07	0.09
qP_L4	0.15	0.12	0.08	0.12	0.09	0.11	0.10	0.13	0.11	0.10	0.10	0.09
qP_L5	0.12	0.13	0.15	0.12	0.10	0.12	0.08	0.12	0.11	0.12	0.09	0.10
qP_L6	0.12	0.17	0.15	0.13	0.10	0.13	0.12	0.14	0.10	0.14	0.09	0.13
qP_L7	0.17	0.17	0.14	0.12	0.17	0.11	0.18	0.13	0.12	0.14	0.15	0.11
qP_L8	0.18	0.17	0.12	0.10	0.14	0.11	0.10	0.16	0.12	0.11	0.12	0.09
qP_L9	0.20	0.14	0.15	0.13	0.12	0.13	0.15	0.18	0.13	0.15	0.13	0.13
qP_L10	0.16	0.19	0.18	0.17	0.17	0.17	0.18	0.14	0.17	0.19	0.18	0.17
qP_L11	0.16	0.17	0.15	0.12	0.16	0.13	0.13	0.12	0.15	0.15	0.13	0.17
qP_L12	0.15	0.19	0.19	0.18	0.24	0.18	0.21	0.14	0.20	0.21	0.18	0.22
qP_L13	0.17	0.22	0.22	0.22	0.25	0.19	0.29	0.15	0.18	0.23	0.18	0.27
qP_L14	0.26	0.22	0.22	0.17	0.26	0.17	0.20	0.18	0.20	0.20	0.25	0.24
qP_Lss	0.25	0.22	0.19	0.20	0.25	0.20	0.20	0.21	0.14	0.23	0.20	0.26
qP_D1	0.95	0.93	0.90	0.94	1.00	0.93	0.94	0.88	0.94	0.96	0.97	0.92
qP_D2	0.98	0.97	0.95	0.97	1.00	0.96	0.98	0.94	0.98	1.02	1.01	1.02
qP_D3	1.00	0.98	0.96	0.98	0.98	0.98	1.00	0.95	0.98	1.01	1.00	1.09
qP_D4	0.97	1.01	0.96	1.00	0.99	0.99	0.99	0.95	0.99	1.00	1.02	1.12
qL_L1	0.09	0.29	0.26	0.19	0.26	0.21	0.13	0.28	0.17	0.13	0.15	0.04
qL_L2	0.29	0.41	0.27	0.30	0.17	0.30	0.28	0.41	0.45	0.23	0.29	0.44
qL_L3	0.36	0.26	0.35	0.25	0.45	0.36	0.38	0.41	0.36	0.33	0.26	0.36
qL_L4	0.52	0.41	0.29	0.44	0.32	0.41	0.39	0.45	0.41	0.33	0.37	0.35
qL_L5	0.40	0.45	0.51	0.45	0.31	0.42	0.32	0.41	0.41	0.37	0.31	0.40
qL_L6	0.38	0.57	0.51	0.47	0.32	0.46	0.43	0.46	0.35	0.43	0.29	0.47
qL_L7	0.52	0.57	0.46	0.44	0.48	0.36	0.63	0.42	0.43	0.41	0.46	0.40
qL_L8	0.55	0.53	0.38	0.35	0.39	0.36	0.33	0.49	0.41	0.33	0.37	0.31
qL_L9	0.56	0.43	0.46	0.43	0.34	0.40	0.50	0.53	0.42	0.41	0.37	0.42
qL_L10	0.45	0.54	0.52	0.51	0.46	0.48	0.53	0.41	0.49	0.49	0.49	0.51
qL_L11	0.45	0.47	0.42	0.37	0.41	0.37	0.40	0.33	0.43	0.39	0.36	0.49
qL_L12	0.40	0.51	0.52	0.52	0.60	0.48	0.58	0.38	0.57	0.52	0.45	0.61
qL_L13	0.45	0.56	0.58	0.59	0.60	0.51	0.75	0.41	0.49	0.54	0.46	0.70
qL_L14	0.65	0.54	0.57	0.46	0.61	0.44	0.53	0.45	0.52	0.49	0.60	0.62
qL_Lss	0.61	0.55	0.49	0.52	0.59	0.51	0.54	0.53	0.37	0.55	0.48	0.60
qL_D1	1.06	1.09	1.12	1.09	1.00	1.08	1.09	1.13	1.08	1.04	1.03	1.09
qL_D2	1.04	1.05	1.09	1.06	1.00	1.08	1.03	1.09	1.04	0.97	0.98	0.96
qL_D3	0.99	1.05	1.09	1.05	1.04	1.05	1.00	1.10	1.05	0.99	0.99	0.85
qL_D4	1.08	0.98	1.10	1.00	1.02	1.04	1.04	1.10	1.03	1.01	0.95	0.83
Rfd_L1	0.40	0.50	0.48	0.35	0.47	0.33	0.25	0.35	0.33	0.46	0.43	0.36
Rfd_L2	0.92	0.88	0.86	0.85	0.93	0.78	0.70	0.70	0.80	0.95	0.91	0.81
Rfd_L3	1.11	0.96	0.95	0.98	1.23	0.94	0.87	0.90	0.95	1.22	1.15	0.99
Rfd_L4	1.35	1.03	1.02	1.08	1.35	1.05	0.94	1.01	1.04	1.43	1.33	1.07
Rfd_L5	1.47	1.08	1.11	1.13	1.48	1.15	1.04	1.08	1.15	1.59	1.49	1.20
Rfd_L6	1.56	1.16	1.11	1.20	1.53	1.21	1.08	1.16	1.17	1.73	1.59	1.25
Rfd_L7	1.76	1.21	1.18	1.24	1.78	1.30	1.23	1.29	1.31	1.85	1.77	1.39
Rfd_L8	1.81	1.34	1.28	1.31	1.87	1.44	1.29	1.38	1.43	1.90	1.91	1.48
Rfd_L9	2.07	1.52	1.41	1.51	2.02	1.68	1.47	1.53	1.61	2.15	2.15	1.72
Rfd_L10	2.14	1.73	1.58	1.74	2.22	1.88	1.68	1.59	1.87	2.42	2.44	1.91
Rfd_L11	2.25	1.79	1.68	1.74	2.36	1.97	1.80	1.68	1.97	2.47	2.55	2.04
Rfd_L12	2.28	1.96	1.75	1.93	2.54	2.18	2.05	1.80	2.12	2.67	2.71	2.25
Rfd_L13	2.47	2.15	1.99	2.10	2.66	2.29	2.16	1.87	2.22	2.86	2.77	2.54
Rfd_L14	2.68	2.23	2.05	2.14	2.85	2.33	2.22	2.05	2.36	2.88	2.96	2.56
Rfd_Lss	2.69	2.30	2.02	2.29	2.84	2.53	2.30	2.05	2.43	2.99	3.08	3.19
