FluorCam7 Numeric Avg Export File
-----------------------------------
	Area 1	Area 2	Area 3	Area 4	Area 5	Area 6	Area 7	Area 8	Area 9	Area 10	Area 11	Area 12
Size [pixels]	883	760	310	1190	1013	653	626	1361	1085	849	1066	1181
Size [mm2]	648.58	558.24	227.70	874.08	744.07	479.64	459.81	999.69	796.96	623.61	783.00	867.47
Fo	91.33	105.44	94.61	120.95	117.20	98.13	101.81	118.47	110.04	116.60	105.40	114.18
Fm	526.67	542.13	490.99	631.73	611.50	539.38	559.52	610.00	581.10	617.56	593.80	621.86
Fv	435.34	436.69	396.38	510.78	494.30	441.25	457.71	491.53	471.06	500.96	488.40	507.67
Fp	495.72	520.72	448.83	607.98	570.64	488.43	500.93	583.08	538.59	581.22	542.10	600.85
Fm_L1	278.69	322.48	284.16	353.50	340.52	308.80	335.96	365.98	350.10	342.09	336.53	355.42
Fm_L2	220.99	251.65	231.89	284.66	278.09	240.11	257.42	291.91	282.35	279.31	266.47	285.53
Fm_L3	208.11	232.45	221.94	269.02	266.06	226.65	238.16	272.45	262.22	265.48	247.98	267.11
Fm_L4	198.73	222.32	217.95	261.82	254.91	217.24	219.40	261.65	254.49	255.15	239.56	261.70
Fm_L5	193.92	217.20	211.93	252.35	248.32	211.69	200.42	255.13	244.07	242.29	230.57	247.88
Fm_L6	188.89	211.28	204.13	247.71	242.61	208.29	193.20	249.84	241.01	238.72	225.87	246.20
Fm_L7	185.20	204.78	200.83	239.80	233.85	199.23	179.39	240.35	232.69	234.70	219.46	237.97
Fm_L8	178.17	197.22	194.79	230.07	228.52	192.60	173.23	231.15	226.62	226.77	211.60	229.47
Fm_L9	171.96	193.11	188.15	227.49	224.31	187.51	147.60	222.13	214.00	213.65	204.13	220.58
Fm_L10	171.63	188.94	190.43	220.66	217.20	179.79	139.23	214.56	211.36	209.55	199.54	216.08
Fm_L11	165.83	181.69	177.91	216.84	204.39	174.33	133.86	213.30	201.89	205.43	190.14	210.65
Fm_L12	162.05	177.15	176.28	209.22	206.62	173.30	128.96	208.37	197.65	200.86	189.42	206.81
Fm_L13	158.10	177.65	176.48	205.95	202.49	164.24	128.13	199.86	192.65	196.03	183.34	201.95
Fm_L14	157.04	171.98	171.27	204.99	196.78	164.23	125.85	200.15	189.00	187.84	178.56	195.10
Fm_Lss	155.20	172.71	167.79	202.39	192.97	163.00	123.47	197.51	187.43	185.97	178.57	195.28
Fm_D1	180.98	205.14	201.85	239.14	240.28	194.43	157.78	234.18	230.28	229.81	217.03	242.01
Fm_D2	207.93	240.13	241.33	286.26	282.66	229.49	182.30	275.56	274.82	264.03	265.47	285.62
Fm_D3	263.64	299.71	298.75	354.10	348.00	287.85	224.57	341.77	337.24	335.24	336.87	361.38
Fm_D4	351.43	377.87	348.37	443.91	424.68	359.43	257.39	424.09	407.06	416.61	413.31	439.52
Ft_L1	266.39	309.56	273.07	343.86	334.05	303.40	327.48	358.59	341.66	330.89	323.89	347.15
Ft_L2	201.89	231.94	223.17	262.46	258.49	224.51	239.26	268.98	260.95	258.11	244.29	263.80
Ft_L3	186.91	212.66	207.08	243.51	239.20	207.33	214.42	247.91	241.10	241.07	225.25	246.71
Ft_L4	179.08	202.14	201.51	234.34	229.56	196.82	196.36	236.29	228.50	230.16	214.67	235.75
Ft_L5	171.67	194.22	194.46	226.45	222.63	189.04	180.73	227.47	219.69	222.84	206.46	227.05
Ft_L6	166.88	190.27	186.80	220.67	216.63	184.39	173.58	221.41	211.06	215.89	201.30	220.56
Ft_L7	160.92	180.89	180.15	213.18	210.48	177.31	163.49	212.70	204.48	207.53	193.04	212.54
Ft_L8	155.32	176.47	175.76	205.18	203.46	170.47	150.99	203.59	198.59	200.36	185.38	206.19
Ft_L9	149.29	166.36	168.71	198.20	197.26	161.96	127.38	194.36	186.29	188.39	176.11	191.99
Ft_L10	145.83	164.58	166.68	190.28	189.01	157.13	119.58	189.10	181.89	185.21	172.24	189.75
Ft_L11	142.25	159.78	160.72	188.34	183.80	151.08	114.94	184.50	176.62	179.85	166.91	184.09
Ft_L12	138.95	155.69	155.07	181.67	178.93	148.19	111.82	178.98	170.04	174.17	161.24	179.07
Ft_L13	136.70	152.56	154.26	180.48	177.84	144.70	108.57	174.21	168.31	167.59	159.14	175.71
Ft_L14	135.05	151.85	151.08	176.12	172.35	141.61	107.05	172.77	164.58	167.01	155.78	173.14
Ft_Lss	130.90	145.53	148.37	171.00	168.31	138.54	105.21	167.86	160.86	165.19	150.85	169.30
Ft_D1	65.56	81.17	78.72	90.41	89.03	74.73	56.19	91.79	86.26	84.04	77.45	87.93
Ft_D2	66.37	79.29	78.12	90.52	88.74	74.14	55.62	90.95	84.29	83.94	77.22	89.28
Ft_D3	70.57	85.61	84.14	98.62	94.22	77.80	58.58	98.07	92.38	90.60	84.07	95.78
Ft_D4	76.79	91.49	82.34	104.73	99.40	82.53	58.20	102.02	96.15	93.30	87.97	98.00
Fo_L1	79.12	93.11	82.97	105.11	101.69	86.39	90.81	104.88	97.82	101.21	92.81	100.37
Fo_L2	73.66	86.11	77.85	98.06	95.30	79.99	83.89	97.77	91.67	94.90	86.53	93.88
Fo_L3	72.17	83.74	76.69	96.13	93.85	78.44	81.74	95.49	89.44	93.25	84.49	91.80
Fo_L4	71.01	82.39	76.21	95.20	92.42	77.28	79.41	94.13	88.53	91.94	83.49	91.15
Fo_L5	70.38	81.68	75.46	93.92	91.54	76.56	76.78	93.27	87.23	90.22	82.37	89.41
Fo_L6	69.71	80.83	74.45	93.27	90.75	76.12	75.69	92.55	86.84	89.72	81.76	89.19
Fo_L7	69.20	79.86	74.01	92.12	89.50	74.87	73.48	91.22	85.73	89.14	80.90	88.09
Fo_L8	68.20	78.68	73.17	90.65	88.71	73.92	72.42	89.86	84.89	87.98	79.81	86.90
Fo_L9	67.27	78.02	72.21	90.25	88.07	73.15	67.52	88.47	83.06	85.93	78.72	85.59
Fo_L10	67.22	77.33	72.55	89.15	86.95	71.95	65.71	87.24	82.66	85.26	78.03	84.91
Fo_L11	66.31	76.09	70.65	88.52	84.82	71.06	64.49	87.03	81.17	84.57	76.55	84.05
Fo_L12	65.69	75.28	70.39	87.23	85.20	70.88	63.33	86.20	80.48	83.78	76.44	83.44
Fo_L13	65.04	75.37	70.42	86.65	84.49	69.32	63.13	84.71	79.63	82.93	75.43	82.64
Fo_L14	64.86	74.33	69.58	86.48	83.48	69.32	62.57	84.76	79.00	81.43	74.61	81.46
Fo_Lss	64.54	74.46	69.00	86.02	82.79	69.10	61.98	84.28	78.73	81.07	74.61	81.50
Fo_D1	68.60	79.91	74.14	92.03	90.43	74.18	69.57	90.32	85.40	88.43	80.57	88.64
Fo_D2	72.15	84.72	78.88	98.25	95.83	78.77	73.96	95.87	90.86	93.07	86.43	93.89
Fo_D3	77.86	91.11	84.17	105.17	102.35	84.67	80.08	102.80	96.79	100.60	92.83	100.84
Fo_D4	84.06	97.22	87.69	111.89	108.09	89.93	83.89	109.17	101.80	106.87	97.82	106.10
Fv_L1	199.58	229.37	201.19	248.39	238.83	222.41	245.15	261.09	252.28	240.87	243.72	255.05
Fv_L2	147.33	165.54	154.04	186.60	182.79	160.12	173.53	194.13	190.68	184.41	179.94	191.65
Fv_L3	135.94	148.70	145.24	172.88	172.21	148.22	156.42	176.96	172.78	172.23	163.50	175.31
Fv_L4	127.72	139.93	141.74	166.62	162.49	139.97	139.99	167.52	165.96	163.21	156.07	170.55
Fv_L5	123.54	135.52	136.47	158.43	156.78	135.13	123.64	161.86	156.83	152.07	148.20	158.47
Fv_L6	119.18	130.46	129.68	154.45	151.85	132.18	117.51	157.29	154.18	149.00	144.11	157.01
Fv_L7	116.00	124.92	126.82	147.67	144.35	124.36	105.91	149.13	146.96	145.55	138.56	149.88
Fv_L8	109.98	118.54	121.62	139.42	139.82	118.69	100.81	141.29	141.72	138.80	131.79	142.57
Fv_L9	104.69	115.09	115.94	137.24	136.25	114.36	80.08	133.66	130.94	127.72	125.40	134.98
Fv_L10	104.41	111.61	117.89	131.51	130.25	107.84	73.51	127.32	128.70	124.29	121.51	131.17
Fv_L11	99.52	105.61	107.26	128.31	119.57	103.27	69.37	126.27	120.72	120.86	113.59	126.59
Fv_L12	96.36	101.87	105.88	121.99	121.42	102.41	65.63	122.17	117.18	117.08	112.99	123.38
Fv_L13	93.06	102.28	106.05	119.30	118.00	94.92	65.00	115.16	113.01	113.10	107.92	119.32
Fv_L14	92.18	97.65	101.69	118.51	113.30	94.91	63.28	115.39	110.00	106.41	103.96	113.64
Fv_Lss	90.66	98.24	98.79	116.37	110.18	93.90	61.49	113.23	108.70	104.89	103.97	113.79
Fv_D1	112.38	125.23	127.71	147.12	149.86	120.24	88.20	143.86	144.88	141.38	136.45	153.37
Fv_D2	135.78	155.41	162.44	188.01	186.82	150.72	108.34	179.69	183.95	170.96	179.04	191.73
Fv_D3	185.78	208.60	214.58	248.94	245.66	203.18	144.50	238.98	240.45	234.63	244.03	260.54
Fv_D4	267.37	280.64	260.68	332.02	316.59	269.49	173.50	314.92	305.26	309.74	315.49	333.42
Fq_L1	12.30	12.91	11.09	9.64	6.47	5.40	8.49	7.38	8.44	11.19	12.63	8.27
Fq_L2	19.11	19.71	8.72	22.20	19.60	15.59	18.16	22.93	21.40	21.21	22.18	21.73
Fq_L3	21.20	19.78	14.86	25.50	26.86	19.32	23.74	24.55	21.12	24.41	22.73	20.40
Fq_L4	19.65	20.19	16.44	27.48	25.36	20.43	23.03	25.37	25.99	24.99	24.89	25.95
Fq_L5	22.25	22.98	17.47	25.90	25.69	22.65	19.69	27.67	24.38	19.44	24.11	20.83
Fq_L6	22.01	21.01	17.33	27.04	25.98	23.90	19.62	28.43	29.95	22.83	24.57	25.65
Fq_L7	24.28	23.89	20.67	26.62	23.37	21.93	15.90	27.65	28.21	27.17	26.42	25.44
Fq_L8	22.86	20.76	19.03	24.90	25.07	22.13	22.24	27.57	28.02	26.41	26.23	23.28
Fq_L9	22.67	26.75	19.44	29.29	27.05	25.56	20.22	27.77	27.71	25.26	28.02	28.58
Fq_L10	25.80	24.36	23.75	30.38	28.18	22.66	19.65	25.46	29.47	24.34	27.30	26.32
Fq_L11	23.58	21.92	17.19	28.50	20.59	23.24	18.92	28.80	25.27	25.58	23.23	26.56
Fq_L12	23.10	21.46	21.21	27.55	27.69	25.11	17.14	29.39	27.61	26.69	28.18	27.75
Fq_L13	21.40	25.09	22.22	25.48	24.65	19.53	19.56	25.66	24.34	28.44	24.20	26.25
Fq_L14	21.99	20.14	20.20	28.87	24.43	22.61	18.81	27.37	24.42	20.83	22.79	21.97
Fq_Lss	24.30	27.18	19.42	31.39	24.66	24.47	18.26	29.65	26.57	20.78	27.73	25.98
Fq_D1	115.42	123.97	123.13	148.73	151.26	119.69	101.59	142.39	144.03	145.76	139.58	154.07
Fq_D2	141.56	160.84	163.21	195.73	193.92	155.35	126.68	184.61	190.53	180.10	188.24	196.34
Fq_D3	193.07	214.11	214.61	255.48	253.79	210.05	165.99	243.70	244.86	244.64	252.80	265.60
Fq_D4	274.64	286.37	266.03	339.18	325.27	276.90	199.20	322.07	310.92	323.31	325.34	341.52
QY_max	0.83	0.81	0.81	0.81	0.81	0.82	0.82	0.81	0.81	0.81	0.82	0.82
Fv/Fm_L1	0.72	0.71	0.71	0.70	0.70	0.72	0.73	0.71	0.72	0.70	0.72	0.72
Fv/Fm_L2	0.67	0.66	0.66	0.66	0.66	0.67	0.67	0.67	0.68	0.66	0.68	0.67
Fv/Fm_L3	0.65	0.64	0.65	0.64	0.65	0.65	0.66	0.65	0.66	0.65	0.66	0.66
Fv/Fm_L4	0.64	0.63	0.65	0.64	0.64	0.64	0.64	0.64	0.65	0.64	0.65	0.65
Fv/Fm_L5	0.64	0.62	0.64	0.63	0.63	0.64	0.62	0.63	0.64	0.63	0.64	0.64
Fv/Fm_L6	0.63	0.62	0.64	0.62	0.63	0.63	0.61	0.63	0.64	0.62	0.64	0.64
Fv/Fm_L7	0.63	0.61	0.63	0.62	0.62	0.62	0.59	0.62	0.63	0.62	0.63	0.63
Fv/Fm_L8	0.62	0.60	0.62	0.61	0.61	0.62	0.58	0.61	0.63	0.61	0.62	0.62
Fv/Fm_L9	0.61	0.60	0.62	0.60	0.61	0.61	0.54	0.60	0.61	0.60	0.61	0.61
Fv/Fm_L10	0.61	0.59	0.62	0.60	0.60	0.60	0.53	0.59	0.61	0.59	0.61	0.61
Fv/Fm_L11	0.60	0.58	0.60	0.59	0.59	0.59	0.52	0.59	0.60	0.59	0.60	0.60
Fv/Fm_L12	0.59	0.58	0.60	0.58	0.59	0.59	0.51	0.59	0.59	0.58	0.60	0.60
Fv/Fm_L13	0.59	0.58	0.60	0.58	0.58	0.58	0.51	0.58	0.59	0.58	0.59	0.59
Fv/Fm_L14	0.59	0.57	0.59	0.58	0.58	0.58	0.50	0.58	0.58	0.57	0.58	0.58
Fv/Fm_Lss	0.58	0.57	0.59	0.57	0.57	0.58	0.50	0.57	0.58	0.56	0.58	0.58
Fv/Fm_D1	0.62	0.61	0.63	0.62	0.62	0.62	0.56	0.61	0.63	0.62	0.63	0.63
Fv/Fm_D2	0.65	0.65	0.67	0.66	0.66	0.66	0.59	0.65	0.67	0.65	0.67	0.67
Fv/Fm_D3	0.70	0.70	0.72	0.70	0.71	0.71	0.64	0.70	0.71	0.70	0.72	0.72
Fv/Fm_D4	0.76	0.74	0.75	0.75	0.75	0.75	0.67	0.74	0.75	0.74	0.76	0.76
QY_L1	0.04	0.04	0.04	0.03	0.02	0.02	0.03	0.02	0.02	0.03	0.04	0.02
QY_L2	0.09	0.08	0.04	0.08	0.07	0.06	0.07	0.08	0.08	0.08	0.08	0.08
QY_L3	0.10	0.09	0.07	0.09	0.10	0.09	0.10	0.09	0.08	0.09	0.09	0.08
QY_L4	0.10	0.09	0.08	0.10	0.10	0.09	0.10	0.10	0.10	0.10	0.10	0.10
QY_L5	0.11	0.11	0.08	0.10	0.10	0.11	0.10	0.11	0.10	0.08	0.10	0.08
QY_L6	0.12	0.10	0.08	0.11	0.11	0.11	0.10	0.11	0.12	0.10	0.11	0.10
QY_L7	0.13	0.12	0.10	0.11	0.10	0.11	0.09	0.12	0.12	0.12	0.12	0.11
QY_L8	0.13	0.11	0.10	0.11	0.11	0.11	0.13	0.12	0.12	0.12	0.12	0.10
QY_L9	0.13	0.14	0.10	0.13	0.12	0.14	0.14	0.13	0.13	0.12	0.14	0.13
QY_L10	0.15	0.13	0.12	0.14	0.13	0.13	0.14	0.12	0.14	0.12	0.14	0.12
QY_L11	0.14	0.12	0.10	0.13	0.10	0.13	0.14	0.14	0.13	0.12	0.12	0.13
QY_L12	0.14	0.12	0.12	0.13	0.13	0.14	0.13	0.14	0.14	0.13	0.15	0.13
QY_L13	0.14	0.14	0.13	0.12	0.12	0.12	0.15	0.13	0.13	0.15	0.13	0.13
QY_L14	0.14	0.12	0.12	0.14	0.12	0.14	0.15	0.14	0.13	0.11	0.13	0.11
QY_Lss	0.16	0.16	0.12	0.16	0.13	0.15	0.15	0.15	0.14	0.11	0.16	0.13
QY_D1	0.64	0.60	0.61	0.62	0.63	0.62	0.64	0.61	0.63	0.63	0.64	0.64
QY_D2	0.68	0.67	0.68	0.68	0.69	0.68	0.69	0.67	0.69	0.68	0.71	0.69
QY_D3	0.73	0.71	0.72	0.72	0.73	0.73	0.74	0.71	0.73	0.73	0.75	0.73
QY_D4	0.78	0.76	0.76	0.76	0.77	0.77	0.77	0.76	0.76	0.78	0.79	0.78
NPQ_L1	0.89	0.68	0.73	0.79	0.80	0.75	0.67	0.67	0.66	0.81	0.76	0.75
NPQ_L2	1.38	1.15	1.12	1.22	1.20	1.25	1.17	1.09	1.06	1.21	1.23	1.18
NPQ_L3	1.53	1.33	1.21	1.35	1.30	1.38	1.35	1.24	1.22	1.33	1.39	1.33
NPQ_L4	1.65	1.44	1.25	1.41	1.40	1.48	1.55	1.33	1.28	1.42	1.48	1.38
NPQ_L5	1.72	1.50	1.32	1.50	1.46	1.55	1.79	1.39	1.38	1.55	1.58	1.51
NPQ_L6	1.79	1.57	1.41	1.55	1.52	1.59	1.90	1.44	1.41	1.59	1.63	1.53
NPQ_L7	1.84	1.65	1.44	1.63	1.61	1.71	2.12	1.54	1.50	1.63	1.71	1.61
NPQ_L8	1.96	1.75	1.52	1.75	1.68	1.80	2.23	1.64	1.56	1.72	1.81	1.71
NPQ_L9	2.06	1.81	1.61	1.78	1.73	1.88	2.79	1.75	1.72	1.89	1.91	1.82
NPQ_L10	2.07	1.87	1.58	1.86	1.82	2.00	3.02	1.84	1.75	1.95	1.98	1.88
NPQ_L11	2.18	1.98	1.76	1.91	1.99	2.09	3.18	1.86	1.88	2.01	2.12	1.95
NPQ_L12	2.25	2.06	1.79	2.02	1.96	2.11	3.34	1.93	1.94	2.07	2.13	2.01
NPQ_L13	2.33	2.05	1.78	2.07	2.02	2.28	3.37	2.05	2.02	2.15	2.24	2.08
NPQ_L14	2.35	2.15	1.87	2.08	2.11	2.28	3.45	2.05	2.07	2.29	2.33	2.19
NPQ_Lss	2.39	2.14	1.93	2.12	2.17	2.31	3.53	2.09	2.10	2.32	2.33	2.18
NPQ_D1	1.91	1.64	1.43	1.64	1.54	1.77	2.55	1.60	1.52	1.69	1.74	1.57
NPQ_D2	1.53	1.26	1.03	1.21	1.16	1.35	2.07	1.21	1.11	1.34	1.24	1.18
NPQ_D3	1.00	0.81	0.64	0.78	0.76	0.87	1.49	0.78	0.72	0.84	0.76	0.72
NPQ_D4	0.50	0.43	0.41	0.42	0.44	0.50	1.17	0.44	0.43	0.48	0.44	0.41
qN_L1	0.55	0.49	0.51	0.53	0.53	0.51	0.48	0.48	0.48	0.53	0.51	0.51
qN_L2	0.67	0.64	0.63	0.65	0.65	0.65	0.64	0.62	0.61	0.65	0.65	0.64
qN_L3	0.70	0.68	0.65	0.68	0.67	0.68	0.67	0.66	0.65	0.67	0.68	0.67
qN_L4	0.72	0.70	0.66	0.69	0.69	0.70	0.71	0.68	0.66	0.69	0.69	0.68
qN_L5	0.73	0.71	0.67	0.71	0.70	0.71	0.74	0.69	0.68	0.71	0.71	0.70
qN_L6	0.74	0.72	0.69	0.71	0.71	0.71	0.76	0.70	0.69	0.72	0.72	0.71
qN_L7	0.75	0.73	0.70	0.73	0.72	0.73	0.78	0.71	0.70	0.72	0.73	0.72
qN_L8	0.76	0.74	0.71	0.74	0.73	0.75	0.79	0.73	0.71	0.74	0.74	0.73
qN_L9	0.77	0.75	0.72	0.75	0.74	0.75	0.84	0.74	0.74	0.76	0.76	0.75
qN_L10	0.77	0.76	0.72	0.76	0.75	0.77	0.85	0.76	0.74	0.77	0.76	0.76
qN_L11	0.78	0.77	0.74	0.76	0.77	0.78	0.86	0.76	0.76	0.77	0.78	0.76
qN_L12	0.79	0.78	0.75	0.78	0.77	0.78	0.87	0.77	0.77	0.78	0.78	0.77
qN_L13	0.80	0.78	0.75	0.78	0.78	0.80	0.87	0.78	0.77	0.79	0.79	0.78
qN_L14	0.80	0.79	0.76	0.78	0.79	0.80	0.87	0.78	0.78	0.80	0.80	0.79
qN_Lss	0.80	0.79	0.77	0.79	0.79	0.80	0.88	0.78	0.78	0.80	0.80	0.79
qN_D1	0.75	0.73	0.69	0.73	0.71	0.74	0.82	0.72	0.71	0.73	0.73	0.71
qN_D2	0.70	0.66	0.61	0.65	0.64	0.67	0.78	0.65	0.62	0.67	0.65	0.64
qN_D3	0.59	0.54	0.47	0.53	0.52	0.55	0.70	0.53	0.50	0.55	0.51	0.50
qN_D4	0.40	0.37	0.35	0.36	0.37	0.40	0.64	0.37	0.36	0.39	0.36	0.35
qP_L1	0.06	0.06	0.06	0.04	0.03	0.02	0.03	0.03	0.03	0.05	0.05	0.03
qP_L2	0.13	0.12	0.06	0.12	0.11	0.10	0.10	0.12	0.11	0.12	0.12	0.11
qP_L3	0.16	0.13	0.10	0.15	0.16	0.13	0.15	0.14	0.12	0.14	0.14	0.12
qP_L4	0.15	0.14	0.12	0.16	0.16	0.15	0.16	0.15	0.16	0.15	0.16	0.15
qP_L5	0.18	0.17	0.13	0.16	0.16	0.17	0.16	0.17	0.16	0.13	0.16	0.13
qP_L6	0.18	0.16	0.13	0.18	0.17	0.18	0.17	0.18	0.19	0.15	0.17	0.16
qP_L7	0.21	0.19	0.16	0.18	0.16	0.18	0.15	0.19	0.19	0.19	0.19	0.17
qP_L8	0.21	0.18	0.16	0.18	0.18	0.19	0.22	0.20	0.20	0.19	0.20	0.16
qP_L9	0.22	0.23	0.17	0.21	0.20	0.22	0.25	0.21	0.21	0.20	0.22	0.21
qP_L10	0.25	0.22	0.20	0.23	0.22	0.21	0.27	0.20	0.23	0.20	0.22	0.20
qP_L11	0.24	0.21	0.16	0.22	0.17	0.23	0.27	0.23	0.21	0.21	0.20	0.21
qP_L12	0.24	0.21	0.20	0.23	0.23	0.25	0.26	0.24	0.24	0.23	0.25	0.22
qP_L13	0.23	0.25	0.21	0.21	0.21	0.21	0.30	0.22	0.22	0.25	0.22	0.22
qP_L14	0.24	0.21	0.20	0.24	0.22	0.24	0.30	0.24	0.22	0.20	0.22	0.19
qP_Lss	0.27	0.28	0.20	0.27	0.22	0.26	0.30	0.26	0.24	0.20	0.27	0.23
qP_D1	1.03	0.99	0.96	1.01	1.01	1.00	1.15	0.99	0.99	1.03	1.02	1.00
qP_D2	1.04	1.03	1.00	1.04	1.04	1.03	1.17	1.03	1.04	1.05	1.05	1.02
qP_D3	1.04	1.03	1.00	1.03	1.03	1.03	1.15	1.02	1.02	1.04	1.04	1.02
qP_D4	1.03	1.02	1.02	1.02	1.03	1.03	1.15	1.02	1.02	1.04	1.03	1.02
qL_L1	0.21	0.19	0.18	0.13	0.09	0.09	0.12	0.10	0.12	0.15	0.18	0.11
qL_L2	0.36	0.32	0.16	0.32	0.29	0.27	0.30	0.32	0.32	0.31	0.35	0.32
qL_L3	0.40	0.34	0.28	0.37	0.40	0.34	0.40	0.36	0.33	0.37	0.37	0.31
qL_L4	0.39	0.35	0.31	0.41	0.39	0.37	0.41	0.38	0.40	0.38	0.41	0.39
qL_L5	0.44	0.40	0.33	0.39	0.40	0.41	0.37	0.42	0.39	0.32	0.41	0.33
qL_L6	0.44	0.38	0.34	0.41	0.41	0.44	0.38	0.43	0.47	0.37	0.42	0.40
qL_L7	0.49	0.43	0.40	0.42	0.38	0.42	0.33	0.43	0.46	0.43	0.46	0.41
qL_L8	0.47	0.39	0.38	0.40	0.41	0.43	0.46	0.44	0.46	0.43	0.46	0.39
qL_L9	0.48	0.50	0.39	0.47	0.44	0.49	0.48	0.46	0.47	0.43	0.50	0.47
qL_L10	0.54	0.46	0.46	0.49	0.47	0.46	0.49	0.43	0.50	0.43	0.50	0.45
qL_L11	0.51	0.44	0.36	0.47	0.37	0.48	0.49	0.48	0.46	0.45	0.45	0.46
qL_L12	0.51	0.44	0.44	0.47	0.48	0.51	0.46	0.50	0.50	0.47	0.53	0.48
qL_L13	0.48	0.50	0.46	0.44	0.44	0.43	0.52	0.46	0.46	0.51	0.47	0.47
qL_L14	0.50	0.42	0.43	0.50	0.45	0.49	0.51	0.48	0.46	0.40	0.46	0.41
qL_Lss	0.54	0.54	0.42	0.54	0.45	0.52	0.50	0.52	0.50	0.40	0.54	0.47
qL_D1	0.98	1.01	1.02	0.99	0.99	1.00	0.93	1.01	1.00	0.98	0.98	1.00
qL_D2	0.96	0.97	0.99	0.96	0.96	0.97	0.88	0.97	0.96	0.95	0.94	0.97
qL_D3	0.94	0.96	1.00	0.96	0.95	0.95	0.84	0.97	0.97	0.94	0.94	0.97
qL_D4	0.94	0.96	0.96	0.96	0.94	0.94	0.80	0.96	0.96	0.91	0.93	0.95
Rfd_L1	0.86	0.68	0.64	0.77	0.71	0.61	0.53	0.63	0.58	0.76	0.67	0.73
Rfd_L2	1.46	1.25	1.01	1.32	1.21	1.18	1.09	1.17	1.06	1.25	1.22	1.28
Rfd_L3	1.65	1.45	1.17	1.50	1.39	1.36	1.34	1.35	1.23	1.41	1.41	1.44
Rfd_L4	1.77	1.58	1.23	1.59	1.49	1.48	1.55	1.47	1.36	1.53	1.53	1.55
Rfd_L5	1.89	1.68	1.31	1.68	1.56	1.58	1.77	1.56	1.45	1.61	1.63	1.65
Rfd_L6	1.97	1.74	1.40	1.76	1.63	1.65	1.89	1.63	1.55	1.69	1.69	1.72
Rfd_L7	2.08	1.88	1.49	1.85	1.71	1.75	2.06	1.74	1.63	1.80	1.81	1.83
Rfd_L8	2.19	1.95	1.55	1.96	1.80	1.87	2.32	1.86	1.71	1.90	1.92	1.91
Rfd_L9	2.32	2.13	1.66	2.07	1.89	2.02	2.93	2.00	1.89	2.09	2.08	2.13
Rfd_L10	2.40	2.16	1.69	2.20	2.02	2.11	3.19	2.08	1.96	2.14	2.15	2.17
Rfd_L11	2.48	2.26	1.79	2.23	2.10	2.23	3.36	2.16	2.05	2.23	2.25	2.26
Rfd_L12	2.57	2.34	1.89	2.35	2.19	2.30	3.48	2.26	2.17	2.34	2.36	2.36
Rfd_L13	2.63	2.41	1.91	2.37	2.21	2.38	3.61	2.35	2.20	2.47	2.41	2.42
Rfd_L14	2.67	2.43	1.97	2.45	2.31	2.45	3.68	2.37	2.27	2.48	2.48	2.47
Rfd_Lss	2.79	2.58	2.03	2.56	2.39	2.53	3.76	2.47	2.35	2.52	2.59	2.55
