FluorCam7 Numeric Avg Export File
-----------------------------------
	Area 1	Area 2	Area 3	Area 4	Area 5	Area 6	Area 7	Area 8	Area 9	Area 10	Area 11	Area 12
Size [pixels]	795	779	1243	1602	1309	2416	1189	1207	2476	1067	1309	668
Size [mm2]	583.95	572.19	913.01	1176.71	961.49	1774.61	873.35	886.57	1818.68	783.74	961.49	490.66
Fo	69.65	70.30	92.87	92.50	81.37	92.97	99.02	83.64	107.14	91.75	81.34	68.82
Fm	498.40	469.09	544.76	578.81	589.69	593.41	594.99	548.51	663.99	665.34	584.71	479.51
Fv	428.75	398.79	451.89	486.31	508.32	500.44	495.97	464.86	556.85	573.59	503.37	410.69
Fp	497.90	458.28	550.58	570.94	578.40	595.28	594.98	535.31	670.77	661.27	581.07	474.30
Fm_L1	335.94	313.50	370.28	391.71	445.16	415.80	405.90	370.08	456.92	458.98	403.93	334.58
Fm_L2	264.66	250.80	299.37	316.10	340.37	335.56	331.26	297.06	371.73	351.43	307.53	261.90
Fm_L3	237.20	239.85	275.81	303.09	306.71	314.44	307.97	280.46	346.86	320.08	283.52	246.86
Fm_L4	217.34	226.48	263.22	289.73	283.45	301.18	292.15	268.22	327.34	298.07	260.97	237.55
Fm_L5	205.64	221.24	257.02	279.48	270.47	292.14	283.51	257.71	314.09	279.20	243.01	229.71
Fm_L6	198.65	216.33	245.24	274.41	255.53	280.51	269.79	252.00	295.73	266.75	236.26	222.63
Fm_L7	187.99	202.10	229.80	254.75	240.89	264.21	259.65	235.55	284.23	254.36	224.08	205.54
Fm_L8	183.41	190.35	219.30	243.88	231.58	252.99	248.60	226.27	271.25	246.12	212.30	196.71
Fm_L9	172.47	176.70	207.71	225.95	212.30	238.52	229.32	213.77	252.68	232.49	197.99	183.12
Fm_L10	163.88	169.53	196.51	216.21	202.45	224.23	214.20	199.40	240.11	222.32	190.09	172.41
Fm_L11	157.70	161.89	188.21	206.14	196.47	214.14	212.19	188.80	231.68	213.79	180.73	164.45
Fm_L12	154.34	157.55	182.53	198.83	189.35	211.44	202.13	184.79	224.56	206.36	180.68	157.41
Fm_L13	152.49	149.93	178.05	193.83	187.57	204.41	198.73	178.99	220.03	202.91	176.11	156.95
Fm_L14	146.38	149.17	174.79	190.60	184.20	199.48	190.72	172.64	216.07	199.51	171.68	152.81
Fm_Lss	145.85	146.32	169.35	185.91	178.28	193.26	184.67	170.47	208.25	192.30	168.70	146.86
Fm_D1	181.76	174.49	204.25	231.90	233.51	238.97	223.19	208.78	260.93	238.01	213.40	179.33
Fm_D2	208.65	201.92	241.81	271.95	279.70	278.47	258.92	240.80	308.12	284.18	253.46	208.87
Fm_D3	272.95	252.37	305.35	337.49	342.09	346.48	325.29	298.23	384.15	365.87	324.62	264.19
Fm_D4	322.31	307.75	369.72	398.28	387.74	412.92	402.32	360.54	452.41	432.71	386.96	315.12
Ft_L1	331.88	309.99	360.07	380.82	434.02	404.43	395.53	361.21	445.09	449.40	398.65	324.83
Ft_L2	248.17	238.52	278.84	298.86	325.74	311.82	309.52	278.95	346.74	337.23	294.41	246.77
Ft_L3	221.20	220.53	256.68	280.18	292.11	291.47	286.20	261.24	322.89	300.87	263.21	228.60
Ft_L4	203.10	211.06	243.59	268.27	268.06	277.77	274.30	249.98	304.09	278.00	241.47	219.18
Ft_L5	188.36	204.87	234.07	258.16	249.24	265.45	260.29	238.65	289.22	258.43	227.49	208.97
Ft_L6	178.88	192.48	221.29	244.05	233.91	252.27	249.23	227.51	274.51	245.03	212.12	199.56
Ft_L7	168.15	183.47	208.83	229.30	218.06	237.78	232.54	216.23	258.10	232.08	200.95	188.47
Ft_L8	162.57	171.88	198.23	217.69	206.14	224.79	221.48	204.27	245.37	218.76	191.86	177.97
Ft_L9	151.02	158.68	184.18	202.75	190.12	208.03	203.33	189.41	227.65	205.83	173.83	160.59
Ft_L10	145.23	147.99	175.25	191.13	180.00	197.56	194.74	180.71	215.88	197.11	165.29	153.60
Ft_L11	137.29	144.78	169.32	183.21	170.21	187.85	183.68	169.82	205.65	190.57	160.13	146.14
Ft_L12	134.96	139.68	164.04	177.60	169.00	184.28	180.70	166.51	201.63	183.69	156.59	143.07
Ft_L13	129.92	133.93	159.92	170.04	163.49	177.15	175.60	160.40	195.29	179.14	150.00	139.20
Ft_L14	129.45	131.27	153.71	167.84	158.86	174.22	169.66	156.62	188.31	173.49	147.72	133.42
Ft_Lss	126.48	127.56	153.24	162.55	155.94	170.19	167.38	153.36	184.84	172.14	145.15	133.10
Ft_D1	62.52	63.26	85.71	88.20	75.19	87.86	90.88	79.96	104.24	85.05	72.16	63.31
Ft_D2	64.59	65.16	85.54	86.89	74.59	89.11	90.90	79.40	102.43	81.22	71.93	62.83
Ft_D3	65.73	67.02	91.03	90.76	79.83	93.35	99.86	83.77	110.92	86.96	77.70	67.48
Ft_D4	68.86	68.94	96.73	91.68	78.63	95.67	100.76	86.14	111.60	89.26	79.03	69.46
Fo_L1	65.24	65.43	85.96	85.94	77.88	87.14	91.90	77.92	99.84	86.40	76.58	64.79
Fo_L2	62.00	62.19	81.48	81.66	73.90	82.98	87.44	74.08	95.08	81.69	72.28	61.49
Fo_L3	60.36	61.49	79.63	80.76	72.18	81.62	85.72	73.00	93.36	79.87	70.87	60.62
Fo_L4	58.99	60.57	78.55	79.78	70.81	80.70	84.45	72.15	91.89	78.43	69.37	60.04
Fo_L5	58.09	60.19	77.98	78.98	69.97	80.04	83.71	71.36	90.81	77.06	68.03	59.53
Fo_L6	57.52	59.82	76.86	78.57	68.93	79.14	82.48	70.92	89.21	76.08	67.50	59.04
Fo_L7	56.59	58.68	75.28	76.88	67.82	77.78	81.50	69.55	88.14	75.03	66.46	57.77
Fo_L8	56.17	57.65	74.12	75.86	67.06	76.78	80.38	68.72	86.85	74.30	65.39	57.05
Fo_L9	55.10	56.33	72.74	74.03	65.34	75.39	78.25	67.52	84.85	73.01	63.96	55.85
Fo_L10	54.19	55.58	71.32	72.95	64.38	73.90	76.41	66.02	83.39	71.97	63.12	54.81
Fo_L11	53.50	54.73	70.20	71.77	63.76	72.78	76.16	64.81	82.34	71.06	62.05	53.98
Fo_L12	53.11	54.23	69.39	70.86	62.99	72.46	74.82	64.33	81.43	70.22	62.04	53.20
Fo_L13	52.88	53.30	68.73	70.22	62.79	71.62	74.35	63.62	80.82	69.81	61.49	53.14
Fo_L14	52.13	53.20	68.24	69.79	62.41	71.00	73.20	62.80	80.28	69.41	60.95	52.66
Fo_Lss	52.06	52.83	67.40	69.15	61.72	70.20	72.29	62.51	79.18	68.51	60.57	51.94
Fo_D1	56.01	56.10	72.32	74.66	67.22	75.44	77.53	67.02	85.76	73.54	65.49	55.49
Fo_D2	58.33	58.66	76.52	78.37	70.58	78.98	81.43	70.00	90.31	77.43	68.83	58.03
Fo_D3	62.44	62.28	81.92	83.02	73.98	83.63	87.01	74.15	95.87	82.45	73.19	61.61
Fo_D4	64.71	65.18	85.93	86.26	75.91	87.01	91.71	77.48	99.62	85.42	75.94	64.03
Fv_L1	270.70	248.07	284.32	305.76	367.28	328.66	314.01	292.17	357.08	372.59	327.35	269.78
Fv_L2	202.67	188.61	217.89	234.44	266.47	252.58	243.83	222.98	276.65	269.74	235.25	200.41
Fv_L3	176.84	178.36	196.18	222.33	234.52	232.82	222.24	207.45	253.49	240.21	212.65	186.24
Fv_L4	158.35	165.91	184.68	209.95	212.63	220.48	207.70	196.07	235.45	219.64	191.59	177.51
Fv_L5	147.55	161.05	179.04	200.49	200.50	212.10	199.79	186.34	223.28	202.14	174.98	170.18
Fv_L6	141.13	156.51	168.37	195.84	186.60	201.37	187.32	181.08	206.52	190.67	168.77	163.59
Fv_L7	131.40	143.42	154.52	177.87	173.07	186.42	178.15	165.99	196.09	179.33	157.62	147.77
Fv_L8	127.24	132.70	145.18	168.03	164.52	176.21	168.22	157.55	184.40	171.82	146.91	139.66
Fv_L9	117.37	120.37	134.96	151.93	146.96	163.13	151.07	146.25	167.83	159.48	134.03	127.27
Fv_L10	109.69	113.95	125.19	143.26	138.08	150.32	137.79	133.38	156.73	150.35	126.97	117.60
Fv_L11	104.20	107.16	118.01	134.38	132.71	141.36	136.03	123.99	149.33	142.74	118.68	110.47
Fv_L12	101.24	103.33	113.14	127.97	126.36	138.98	127.31	120.45	143.13	136.15	118.64	104.21
Fv_L13	99.60	96.64	109.31	123.61	124.77	132.79	124.38	115.37	139.20	133.10	114.62	103.80
Fv_L14	94.25	95.97	106.54	120.81	121.79	128.48	117.52	109.84	135.78	130.11	110.74	100.15
Fv_Lss	93.79	93.49	101.95	116.76	116.56	123.06	112.38	107.97	129.07	123.79	108.13	94.92
Fv_D1	125.75	118.39	131.93	157.24	166.29	163.53	145.66	141.77	175.17	164.47	147.91	123.84
Fv_D2	150.32	143.26	165.29	193.58	209.12	199.50	177.49	170.79	217.81	206.75	184.63	150.84
Fv_D3	210.51	190.09	223.43	254.47	268.11	262.85	238.27	224.07	288.28	283.43	251.44	202.58
Fv_D4	257.60	242.57	283.79	312.03	311.83	325.91	310.61	283.05	352.79	347.29	311.02	251.10
Fq_L1	4.06	3.51	10.21	10.89	11.14	11.37	10.37	8.87	11.83	9.58	5.28	9.74
Fq_L2	16.49	12.28	20.54	17.25	14.63	23.73	21.74	18.11	24.99	14.20	13.12	15.13
Fq_L3	16.00	19.32	19.12	22.91	14.60	22.97	21.76	19.22	23.97	19.21	20.31	18.27
Fq_L4	14.24	15.42	19.63	21.46	15.39	23.41	17.85	18.24	23.24	20.07	19.50	18.37
Fq_L5	17.28	16.37	22.95	21.32	21.23	26.69	23.22	19.05	24.87	20.76	15.52	20.75
Fq_L6	19.78	23.85	23.95	30.36	21.62	28.24	20.57	24.49	21.22	21.72	24.15	23.07
Fq_L7	19.85	18.63	20.96	25.45	22.83	26.43	27.11	19.31	26.12	22.29	23.14	17.07
Fq_L8	20.84	18.47	21.07	26.19	25.43	28.20	27.12	22.00	25.87	27.35	20.43	18.74
Fq_L9	21.45	18.02	23.52	23.20	22.18	30.50	25.99	24.36	25.03	26.65	24.16	22.53
Fq_L10	18.65	21.54	21.25	25.08	22.45	26.66	19.46	18.69	24.23	25.21	24.80	18.81
Fq_L11	20.42	17.12	18.88	22.94	26.26	26.29	28.51	18.98	26.03	23.22	20.60	18.31
Fq_L12	19.38	17.88	18.48	21.23	20.35	27.16	21.43	18.28	22.92	22.67	24.09	14.34
Fq_L13	22.57	16.00	18.13	23.79	24.08	27.26	23.13	18.59	24.73	23.77	26.11	17.75
Fq_L14	16.93	17.90	21.07	22.76	25.34	25.27	21.06	16.02	27.76	26.03	23.96	19.38
Fq_Lss	19.36	18.76	16.11	23.36	22.34	23.07	17.29	17.11	23.40	20.16	23.55	13.76
Fq_D1	119.24	111.23	118.54	143.70	158.32	151.11	132.31	128.82	156.69	152.96	141.24	116.02
Fq_D2	144.06	136.77	156.27	185.06	205.11	189.36	168.02	161.40	205.69	202.96	181.53	146.04
Fq_D3	207.22	185.35	214.32	246.73	262.26	253.13	225.43	214.46	273.23	278.92	246.93	196.71
Fq_D4	253.45	238.81	272.99	306.60	309.11	317.25	301.56	274.40	340.81	343.45	307.93	245.66
QY_max	0.86	0.85	0.83	0.84	0.86	0.84	0.83	0.85	0.84	0.86	0.86	0.86
Fv/Fm_L1	0.81	0.79	0.77	0.78	0.83	0.79	0.77	0.79	0.78	0.81	0.81	0.81
Fv/Fm_L2	0.77	0.75	0.73	0.74	0.78	0.75	0.74	0.75	0.74	0.77	0.76	0.77
Fv/Fm_L3	0.75	0.74	0.71	0.73	0.76	0.74	0.72	0.74	0.73	0.75	0.75	0.75
Fv/Fm_L4	0.73	0.73	0.70	0.72	0.75	0.73	0.71	0.73	0.72	0.74	0.73	0.75
Fv/Fm_L5	0.72	0.73	0.70	0.72	0.74	0.73	0.70	0.72	0.71	0.72	0.72	0.74
Fv/Fm_L6	0.71	0.72	0.69	0.71	0.73	0.72	0.69	0.72	0.70	0.71	0.71	0.73
Fv/Fm_L7	0.70	0.71	0.67	0.70	0.72	0.71	0.69	0.70	0.69	0.71	0.70	0.72
Fv/Fm_L8	0.69	0.70	0.66	0.69	0.71	0.70	0.68	0.70	0.68	0.70	0.69	0.71
Fv/Fm_L9	0.68	0.68	0.65	0.67	0.69	0.68	0.66	0.68	0.66	0.69	0.68	0.70
Fv/Fm_L10	0.67	0.67	0.64	0.66	0.68	0.67	0.64	0.67	0.65	0.68	0.67	0.68
Fv/Fm_L11	0.66	0.66	0.63	0.65	0.68	0.66	0.64	0.66	0.64	0.67	0.66	0.67
Fv/Fm_L12	0.66	0.66	0.62	0.64	0.67	0.66	0.63	0.65	0.64	0.66	0.66	0.66
Fv/Fm_L13	0.65	0.64	0.61	0.64	0.67	0.65	0.63	0.64	0.63	0.66	0.65	0.66
Fv/Fm_L14	0.64	0.64	0.61	0.63	0.66	0.64	0.62	0.64	0.63	0.65	0.65	0.66
Fv/Fm_Lss	0.64	0.64	0.60	0.63	0.65	0.64	0.61	0.63	0.62	0.64	0.64	0.65
Fv/Fm_D1	0.69	0.68	0.65	0.68	0.71	0.68	0.65	0.68	0.67	0.69	0.69	0.69
Fv/Fm_D2	0.72	0.71	0.68	0.71	0.75	0.72	0.69	0.71	0.71	0.73	0.73	0.72
Fv/Fm_D3	0.77	0.75	0.73	0.75	0.78	0.76	0.73	0.75	0.75	0.77	0.77	0.77
Fv/Fm_D4	0.80	0.79	0.77	0.78	0.80	0.79	0.77	0.79	0.78	0.80	0.80	0.80
QY_L1	0.01	0.01	0.03	0.03	0.03	0.03	0.03	0.02	0.03	0.02	0.01	0.03
QY_L2	0.06	0.05	0.07	0.05	0.04	0.07	0.07	0.06	0.07	0.04	0.04	0.06
QY_L3	0.07	0.08	0.07	0.08	0.05	0.07	0.07	0.07	0.07	0.06	0.07	0.07
QY_L4	0.07	0.07	0.07	0.07	0.05	0.08	0.06	0.07	0.07	0.07	0.07	0.08
QY_L5	0.08	0.07	0.09	0.08	0.08	0.09	0.08	0.07	0.08	0.07	0.06	0.09
QY_L6	0.10	0.11	0.10	0.11	0.08	0.10	0.08	0.10	0.07	0.08	0.10	0.10
QY_L7	0.11	0.09	0.09	0.10	0.09	0.10	0.10	0.08	0.09	0.09	0.10	0.08
QY_L8	0.11	0.10	0.10	0.11	0.11	0.11	0.11	0.10	0.10	0.11	0.10	0.10
QY_L9	0.12	0.10	0.11	0.10	0.10	0.13	0.11	0.11	0.10	0.11	0.12	0.12
QY_L10	0.11	0.13	0.11	0.12	0.11	0.12	0.09	0.09	0.10	0.11	0.13	0.11
QY_L11	0.13	0.11	0.10	0.11	0.13	0.12	0.13	0.10	0.11	0.11	0.11	0.11
QY_L12	0.13	0.11	0.10	0.11	0.11	0.13	0.11	0.10	0.10	0.11	0.13	0.09
QY_L13	0.15	0.11	0.10	0.12	0.13	0.13	0.12	0.10	0.11	0.12	0.15	0.11
QY_L14	0.12	0.12	0.12	0.12	0.14	0.13	0.11	0.09	0.13	0.13	0.14	0.13
QY_Lss	0.13	0.13	0.10	0.13	0.13	0.12	0.09	0.10	0.11	0.10	0.14	0.09
QY_D1	0.66	0.64	0.58	0.62	0.68	0.63	0.59	0.62	0.60	0.64	0.66	0.65
QY_D2	0.69	0.68	0.65	0.68	0.73	0.68	0.65	0.67	0.67	0.71	0.72	0.70
QY_D3	0.76	0.73	0.70	0.73	0.77	0.73	0.69	0.72	0.71	0.76	0.76	0.74
QY_D4	0.79	0.78	0.74	0.77	0.80	0.77	0.75	0.76	0.75	0.79	0.80	0.78
NPQ_L1	0.48	0.50	0.47	0.48	0.32	0.43	0.47	0.48	0.45	0.45	0.45	0.43
NPQ_L2	0.88	0.87	0.82	0.83	0.73	0.77	0.80	0.85	0.79	0.89	0.90	0.83
NPQ_L3	1.10	0.96	0.98	0.91	0.92	0.89	0.93	0.96	0.91	1.08	1.06	0.94
NPQ_L4	1.29	1.07	1.07	1.00	1.08	0.97	1.04	1.04	1.03	1.23	1.24	1.02
NPQ_L5	1.42	1.12	1.12	1.07	1.18	1.03	1.10	1.13	1.11	1.38	1.41	1.09
NPQ_L6	1.51	1.17	1.22	1.11	1.31	1.12	1.21	1.18	1.25	1.49	1.47	1.15
NPQ_L7	1.65	1.32	1.37	1.27	1.45	1.25	1.29	1.33	1.34	1.62	1.61	1.33
NPQ_L8	1.72	1.46	1.48	1.37	1.55	1.35	1.39	1.42	1.45	1.70	1.75	1.44
NPQ_L9	1.89	1.65	1.62	1.56	1.78	1.49	1.59	1.57	1.63	1.86	1.95	1.62
NPQ_L10	2.04	1.77	1.77	1.68	1.91	1.65	1.78	1.75	1.77	1.99	2.08	1.78
NPQ_L11	2.16	1.90	1.89	1.81	2.00	1.77	1.80	1.91	1.87	2.11	2.24	1.92
NPQ_L12	2.23	1.98	1.98	1.91	2.11	1.81	1.94	1.97	1.96	2.22	2.24	2.05
NPQ_L13	2.27	2.13	2.06	1.99	2.14	1.90	1.99	2.06	2.02	2.28	2.32	2.06
NPQ_L14	2.40	2.14	2.12	2.04	2.20	1.97	2.12	2.18	2.07	2.33	2.41	2.14
NPQ_Lss	2.42	2.21	2.22	2.11	2.31	2.07	2.22	2.22	2.19	2.46	2.47	2.27
NPQ_D1	1.74	1.69	1.67	1.50	1.53	1.48	1.67	1.63	1.54	1.80	1.74	1.67
NPQ_D2	1.39	1.32	1.25	1.13	1.11	1.13	1.30	1.28	1.15	1.34	1.31	1.30
NPQ_D3	0.83	0.86	0.78	0.72	0.72	0.71	0.83	0.84	0.73	0.82	0.80	0.82
NPQ_D4	0.55	0.52	0.47	0.45	0.52	0.44	0.48	0.52	0.47	0.54	0.51	0.52
qN_L1	0.38	0.39	0.38	0.38	0.28	0.35	0.38	0.38	0.37	0.36	0.36	0.35
qN_L2	0.54	0.54	0.53	0.53	0.48	0.51	0.52	0.53	0.51	0.54	0.54	0.52
qN_L3	0.60	0.56	0.58	0.55	0.55	0.55	0.56	0.56	0.56	0.59	0.59	0.56
qN_L4	0.64	0.59	0.60	0.58	0.59	0.57	0.59	0.59	0.59	0.63	0.63	0.58
qN_L5	0.66	0.61	0.62	0.60	0.61	0.59	0.61	0.61	0.61	0.66	0.66	0.59
qN_L6	0.68	0.62	0.64	0.61	0.64	0.61	0.63	0.62	0.64	0.68	0.67	0.61
qN_L7	0.70	0.65	0.67	0.65	0.67	0.64	0.65	0.65	0.66	0.70	0.70	0.65
qN_L8	0.71	0.68	0.69	0.67	0.69	0.66	0.67	0.67	0.68	0.71	0.72	0.67
qN_L9	0.74	0.71	0.71	0.70	0.72	0.69	0.71	0.70	0.71	0.73	0.74	0.70
qN_L10	0.75	0.72	0.74	0.72	0.74	0.71	0.73	0.72	0.73	0.75	0.76	0.72
qN_L11	0.77	0.74	0.75	0.73	0.75	0.73	0.74	0.74	0.74	0.76	0.77	0.74
qN_L12	0.77	0.75	0.76	0.75	0.76	0.73	0.76	0.75	0.75	0.77	0.77	0.76
qN_L13	0.78	0.77	0.77	0.76	0.76	0.75	0.76	0.76	0.76	0.78	0.78	0.76
qN_L14	0.79	0.77	0.78	0.76	0.77	0.75	0.77	0.77	0.77	0.78	0.79	0.77
qN_Lss	0.79	0.78	0.79	0.77	0.78	0.76	0.79	0.78	0.78	0.79	0.79	0.78
qN_D1	0.72	0.71	0.72	0.69	0.68	0.68	0.72	0.71	0.70	0.72	0.72	0.71
qN_D2	0.66	0.65	0.65	0.61	0.60	0.61	0.65	0.64	0.62	0.65	0.64	0.64
qN_D3	0.52	0.53	0.52	0.49	0.48	0.48	0.53	0.53	0.49	0.51	0.51	0.52
qN_D4	0.41	0.40	0.38	0.37	0.39	0.36	0.38	0.40	0.37	0.40	0.39	0.40
qP_L1	0.02	0.01	0.04	0.04	0.03	0.03	0.03	0.03	0.03	0.03	0.02	0.04
qP_L2	0.08	0.07	0.09	0.07	0.05	0.09	0.09	0.08	0.09	0.05	0.06	0.08
qP_L3	0.09	0.11	0.10	0.10	0.06	0.10	0.10	0.09	0.09	0.08	0.10	0.10
qP_L4	0.09	0.09	0.11	0.10	0.07	0.11	0.09	0.09	0.10	0.09	0.10	0.10
qP_L5	0.12	0.10	0.13	0.11	0.11	0.13	0.12	0.10	0.11	0.10	0.09	0.12
qP_L6	0.14	0.15	0.14	0.16	0.12	0.14	0.11	0.14	0.10	0.11	0.14	0.14
qP_L7	0.15	0.13	0.14	0.14	0.13	0.14	0.15	0.12	0.13	0.12	0.15	0.12
qP_L8	0.16	0.14	0.15	0.16	0.15	0.16	0.16	0.14	0.14	0.16	0.14	0.13
qP_L9	0.18	0.15	0.17	0.15	0.15	0.19	0.17	0.17	0.15	0.17	0.18	0.18
qP_L10	0.17	0.19	0.17	0.18	0.16	0.18	0.14	0.14	0.15	0.17	0.20	0.16
qP_L11	0.20	0.16	0.16	0.17	0.20	0.19	0.21	0.15	0.17	0.16	0.17	0.17
qP_L12	0.19	0.17	0.16	0.17	0.16	0.20	0.17	0.15	0.16	0.17	0.20	0.14
qP_L13	0.23	0.17	0.17	0.19	0.19	0.21	0.19	0.16	0.18	0.18	0.23	0.17
qP_L14	0.18	0.19	0.20	0.19	0.21	0.20	0.18	0.15	0.20	0.20	0.22	0.19
qP_Lss	0.21	0.20	0.16	0.20	0.19	0.19	0.15	0.16	0.18	0.16	0.22	0.14
qP_D1	0.95	0.94	0.90	0.91	0.95	0.92	0.91	0.91	0.89	0.93	0.95	0.94
qP_D2	0.96	0.95	0.95	0.96	0.98	0.95	0.95	0.94	0.94	0.98	0.98	0.97
qP_D3	0.98	0.98	0.96	0.97	0.98	0.96	0.95	0.96	0.95	0.98	0.98	0.97
qP_D4	0.98	0.98	0.96	0.98	0.99	0.97	0.97	0.97	0.97	0.99	0.99	0.98
qL_L1	0.08	0.07	0.15	0.16	0.17	0.16	0.14	0.14	0.15	0.13	0.08	0.18
qL_L2	0.33	0.25	0.32	0.27	0.24	0.35	0.32	0.31	0.33	0.22	0.23	0.30
qL_L3	0.33	0.39	0.31	0.36	0.25	0.35	0.33	0.33	0.33	0.30	0.35	0.37
qL_L4	0.31	0.32	0.33	0.34	0.27	0.37	0.28	0.32	0.33	0.32	0.35	0.38
qL_L5	0.38	0.35	0.38	0.35	0.38	0.42	0.36	0.34	0.35	0.34	0.30	0.43
qL_L6	0.44	0.49	0.41	0.48	0.39	0.45	0.33	0.43	0.32	0.37	0.45	0.48
qL_L7	0.45	0.41	0.38	0.43	0.42	0.43	0.43	0.36	0.39	0.38	0.44	0.38
qL_L8	0.47	0.41	0.39	0.45	0.48	0.47	0.44	0.42	0.40	0.47	0.41	0.42
qL_L9	0.50	0.42	0.44	0.42	0.44	0.52	0.45	0.47	0.40	0.47	0.49	0.51
qL_L10	0.46	0.50	0.42	0.46	0.45	0.47	0.36	0.38	0.40	0.46	0.51	0.45
qL_L11	0.50	0.42	0.39	0.44	0.53	0.48	0.51	0.40	0.44	0.44	0.45	0.45
qL_L12	0.49	0.45	0.39	0.42	0.43	0.50	0.41	0.39	0.40	0.44	0.51	0.37
qL_L13	0.56	0.42	0.39	0.47	0.50	0.51	0.44	0.41	0.43	0.46	0.56	0.45
qL_L14	0.45	0.46	0.45	0.45	0.53	0.48	0.42	0.36	0.48	0.50	0.52	0.49
qL_Lss	0.50	0.48	0.36	0.47	0.48	0.45	0.36	0.39	0.42	0.41	0.52	0.37
qL_D1	1.06	1.06	1.06	1.08	1.06	1.08	1.06	1.08	1.09	1.08	1.05	1.07
qL_D2	1.06	1.06	1.06	1.06	1.04	1.07	1.06	1.07	1.07	1.03	1.03	1.05
qL_D3	1.04	1.05	1.07	1.06	1.06	1.07	1.09	1.08	1.10	1.04	1.04	1.06
qL_D4	1.05	1.04	1.08	1.04	1.03	1.07	1.07	1.08	1.08	1.03	1.03	1.06
Rfd_L1	0.50	0.48	0.53	0.50	0.33	0.47	0.50	0.48	0.51	0.47	0.46	0.46
Rfd_L2	1.01	0.92	0.97	0.91	0.78	0.91	0.92	0.92	0.93	0.96	0.97	0.92
Rfd_L3	1.25	1.08	1.14	1.04	0.98	1.04	1.08	1.05	1.08	1.20	1.21	1.07
Rfd_L4	1.45	1.17	1.26	1.13	1.16	1.14	1.17	1.14	1.21	1.38	1.41	1.16
Rfd_L5	1.64	1.24	1.35	1.21	1.32	1.24	1.29	1.24	1.32	1.56	1.55	1.27
Rfd_L6	1.78	1.38	1.49	1.34	1.47	1.36	1.39	1.35	1.44	1.70	1.74	1.38
Rfd_L7	1.96	1.50	1.64	1.49	1.65	1.50	1.56	1.48	1.60	1.85	1.89	1.52
Rfd_L8	2.06	1.67	1.78	1.62	1.81	1.65	1.69	1.62	1.73	2.02	2.03	1.67
Rfd_L9	2.30	1.89	1.99	1.82	2.04	1.86	1.93	1.83	1.95	2.21	2.34	1.95
Rfd_L10	2.43	2.10	2.14	1.99	2.21	2.01	2.06	1.96	2.11	2.35	2.52	2.09
Rfd_L11	2.63	2.17	2.25	2.12	2.40	2.17	2.24	2.15	2.26	2.47	2.63	2.25
Rfd_L12	2.69	2.28	2.36	2.21	2.42	2.23	2.29	2.21	2.33	2.60	2.71	2.32
Rfd_L13	2.83	2.42	2.44	2.36	2.54	2.36	2.39	2.34	2.43	2.69	2.87	2.41
Rfd_L14	2.85	2.49	2.58	2.40	2.64	2.42	2.51	2.42	2.56	2.81	2.93	2.55
Rfd_Lss	2.94	2.59	2.59	2.51	2.71	2.50	2.55	2.49	2.63	2.84	3.00	2.56
