FluorCam7 Numeric Avg Export File
-----------------------------------
	Area 1	Area 2	Area 3	Area 4	Area 5	Area 6	Area 7	Area 8	Area 9	Area 10	Area 11	Area 12	Area 13	Area 14	Area 15	Area 16	Area 17	Area 18	Area 19	Area 20
Size [pixels]	579	289	1300	603	1367	1714	770	1453	457	1262	1350	1094	1402	735	792	843	253	360	332	946
Size [mm2]	425.29	212.28	954.88	442.92	1004.09	1258.97	565.58	1067.26	335.68	926.97	991.61	803.57	1029.80	539.87	581.74	619.20	185.83	264.43	243.86	694.86
Fo	61.82	61.69	66.57	68.17	67.84	88.29	89.79	80.14	64.25	81.51	95.79	90.07	81.34	89.71	86.98	84.26	63.86	62.36	75.35	74.97
Fm	388.77	340.75	468.93	438.61	422.05	482.12	465.97	529.47	347.69	551.04	607.41	491.79	539.89	503.55	450.04	463.03	311.87	456.30	402.28	458.15
Fv	326.95	279.06	402.36	370.43	354.21	393.83	376.18	449.33	283.44	469.54	511.61	401.72	458.55	413.84	363.06	378.77	248.01	393.94	326.93	383.18
Fp	379.37	323.48	452.76	433.45	414.76	456.96	453.03	523.84	324.46	530.66	598.26	469.59	539.67	474.15	423.12	435.54	294.99	433.15	371.64	433.16
Fm_L1	204.55	165.47	312.00	288.55	290.05	242.80	257.13	355.06	187.45	362.53	402.67	242.32	364.75	249.84	234.20	222.35	164.47	312.53	194.01	212.15
Fm_L2	170.37	147.24	250.61	234.81	236.43	215.35	217.58	288.31	158.05	294.48	332.27	216.45	298.70	215.90	210.83	195.92	145.30	249.08	177.88	191.41
Fm_L3	161.73	146.11	237.29	217.90	221.69	204.52	206.80	267.84	154.10	279.22	308.49	206.10	281.12	206.74	197.91	185.35	135.20	235.19	166.09	178.22
Fm_L4	159.50	142.13	231.39	212.90	213.92	199.94	199.48	264.73	151.21	273.28	295.86	202.30	272.10	200.90	190.27	180.76	135.51	228.36	164.22	175.68
Fm_L5	151.21	140.80	223.88	207.57	209.20	197.77	192.16	259.66	148.76	270.74	287.80	200.51	269.34	198.82	188.53	181.51	133.10	224.07	162.12	176.19
Fm_L6	153.51	139.09	218.09	208.36	204.60	193.28	193.60	251.63	151.40	260.57	279.31	198.28	260.83	191.24	187.65	178.46	134.07	220.38	161.13	172.78
Fm_L7	149.35	137.08	211.20	191.95	197.37	188.87	187.68	235.77	144.96	246.68	269.60	189.75	249.59	192.42	185.25	174.69	130.17	208.74	159.65	168.51
Fm_L8	143.92	132.57	200.64	183.42	186.79	186.07	179.80	226.76	141.38	240.18	254.97	187.54	238.52	187.37	175.92	172.11	124.66	202.85	157.63	168.82
Fm_L9	142.53	126.88	187.09	173.40	180.39	182.16	178.72	218.47	136.18	223.32	240.19	182.57	225.04	180.49	175.91	165.44	129.50	183.95	146.75	163.06
Fm_L10	137.27	123.14	177.21	164.52	170.59	175.82	175.98	204.04	132.76	206.99	228.35	178.07	210.93	176.11	174.23	162.94	126.39	169.73	144.67	156.33
Fm_L11	137.51	122.26	170.98	157.32	165.46	173.09	173.34	193.22	128.69	200.46	219.45	174.31	201.51	172.86	171.34	159.64	124.27	159.37	141.43	155.21
Fm_L12	136.17	119.85	161.20	153.75	162.23	168.63	168.13	191.25	130.63	193.55	209.36	172.33	197.54	168.11	168.76	157.45	127.53	152.29	143.44	154.03
Fm_L13	133.38	121.68	158.38	150.48	158.98	167.98	165.87	185.18	127.47	186.80	204.11	171.42	190.19	166.79	163.59	157.29	125.71	144.82	135.14	151.96
Fm_L14	133.12	115.48	149.50	142.40	154.22	164.26	162.30	177.02	127.29	182.08	197.13	162.76	184.91	162.66	161.43	155.00	121.23	145.23	134.78	149.32
Fm_Lss	128.20	112.83	148.49	145.07	148.65	162.11	159.28	176.42	124.87	175.97	190.51	161.97	177.84	159.31	157.32	153.02	120.36	138.75	132.65	145.24
Fm_D1	160.02	141.44	191.09	169.24	190.54	197.90	201.03	222.25	160.95	225.95	247.30	199.69	230.17	192.30	198.05	185.66	143.29	176.27	169.56	176.72
Fm_D2	190.44	160.78	226.00	202.81	220.94	231.85	230.71	264.16	191.82	265.48	289.18	241.95	275.62	222.83	230.62	222.75	164.19	206.72	203.91	208.15
Fm_D3	235.51	204.91	278.21	253.91	258.30	290.16	277.64	318.36	225.78	325.89	353.18	295.50	333.77	281.78	276.28	276.36	201.25	256.54	245.98	263.14
Fm_D4	271.75	239.96	322.28	299.82	288.01	340.67	328.45	371.49	258.57	373.83	410.20	350.29	381.76	341.15	317.33	328.85	231.02	300.23	291.80	321.04
Ft_L1	194.67	159.25	301.28	276.89	276.44	230.99	243.75	341.82	174.39	351.37	384.15	232.66	352.25	236.46	219.76	211.10	151.34	307.15	182.11	198.51
Ft_L2	158.97	141.38	234.79	214.52	220.79	198.47	200.53	265.65	149.91	278.68	309.99	202.12	278.25	205.34	192.91	183.39	133.63	233.88	163.64	178.33
Ft_L3	148.46	134.93	219.21	203.29	203.89	187.91	186.93	249.55	143.34	258.13	287.02	191.05	259.19	191.62	182.47	174.10	126.46	217.89	156.25	169.65
Ft_L4	144.27	129.77	211.91	197.12	195.52	181.93	180.23	243.49	136.73	249.55	274.62	186.87	250.53	184.87	176.95	171.09	124.06	209.68	152.87	166.45
Ft_L5	140.19	128.97	206.85	189.54	188.48	178.06	176.03	235.60	136.46	243.94	264.80	180.01	245.16	181.43	171.96	164.97	122.48	204.34	146.69	159.54
Ft_L6	138.36	127.45	201.09	182.86	181.52	174.40	171.00	227.36	131.87	237.40	254.16	176.78	235.78	179.10	168.58	163.28	121.09	200.40	144.40	156.70
Ft_L7	133.20	122.06	189.18	172.84	175.02	168.58	168.27	214.90	129.95	223.04	241.59	170.28	222.58	173.21	166.25	157.57	115.89	188.96	141.64	152.11
Ft_L8	128.66	120.74	182.83	166.48	168.99	166.54	163.80	206.46	126.82	213.56	232.17	167.36	213.83	169.06	161.75	153.71	117.07	177.96	138.08	148.23
Ft_L9	121.57	114.42	170.07	155.82	158.44	159.78	158.65	193.22	122.32	195.63	217.37	163.34	198.17	161.80	157.29	149.39	112.46	161.09	133.28	146.08
Ft_L10	120.24	111.64	159.84	147.42	152.34	156.43	152.95	181.97	116.26	184.44	202.92	160.04	186.43	157.87	153.75	145.53	110.71	148.65	129.51	141.15
Ft_L11	119.27	113.21	153.88	138.90	146.71	155.02	152.21	173.49	116.15	177.46	194.45	155.24	180.15	153.59	150.49	143.58	111.91	143.67	130.31	137.21
Ft_L12	115.94	107.99	145.27	134.49	141.47	150.32	146.67	164.44	112.43	169.39	183.60	150.64	172.58	149.41	146.96	140.21	107.39	134.92	123.22	135.09
Ft_L13	111.07	102.94	141.03	133.21	135.18	146.04	146.58	160.89	110.54	162.19	178.98	148.26	162.33	144.71	145.55	138.12	105.99	126.28	123.00	133.99
Ft_L14	115.49	100.71	136.17	125.61	134.68	144.31	140.68	155.90	112.81	158.64	172.40	143.65	162.68	143.34	141.82	134.96	105.57	124.26	118.82	128.62
Ft_Lss	110.52	101.39	131.64	123.75	129.10	142.18	139.54	152.23	106.92	154.42	168.37	143.35	154.82	140.21	139.55	133.49	104.45	120.55	119.54	127.96
Ft_D1	55.58	55.39	66.37	64.66	69.86	77.78	81.34	80.22	62.88	78.99	92.81	79.87	82.98	75.81	76.86	70.39	59.41	57.41	67.50	63.73
Ft_D2	56.10	54.35	64.86	64.07	68.13	77.28	80.64	78.07	64.42	77.25	90.32	79.81	81.67	76.10	77.22	69.92	62.45	56.76	67.18	62.10
Ft_D3	58.51	58.01	67.95	67.37	68.99	81.83	84.90	82.07	65.61	80.18	94.93	84.46	85.89	82.55	82.20	75.18	65.19	60.52	72.04	68.87
Ft_D4	58.48	62.17	68.28	69.21	67.32	81.22	87.09	84.54	65.17	80.70	96.48	88.46	81.95	85.07	84.25	78.30	64.27	59.29	74.82	71.41
Fo_L1	54.08	51.76	62.13	63.08	63.22	74.79	77.64	74.60	55.48	75.68	88.68	75.78	75.85	75.97	73.83	70.39	53.96	58.67	62.74	63.01
Fo_L2	51.35	49.83	59.24	60.07	60.24	71.96	73.60	71.14	52.59	72.20	84.73	73.05	72.51	72.50	71.33	67.51	51.72	55.99	60.95	61.05
Fo_L3	50.54	49.70	58.46	58.90	59.24	70.71	72.33	69.82	52.14	71.25	83.10	71.83	71.43	71.44	69.79	66.21	50.38	55.26	59.50	59.64
Fo_L4	50.32	49.24	58.10	58.53	58.67	70.16	71.41	69.61	51.81	70.85	82.15	71.37	70.83	70.73	68.82	65.61	50.42	54.87	59.26	59.35
Fo_L5	49.46	49.07	57.61	58.12	58.31	69.89	70.45	69.25	51.52	70.68	81.52	71.14	70.64	70.47	68.59	65.71	50.08	54.62	58.98	59.41
Fo_L6	49.71	48.86	57.22	58.18	57.94	69.32	70.64	68.67	51.83	69.97	80.82	70.86	70.05	69.49	68.47	65.31	50.22	54.40	58.85	59.02
Fo_L7	49.26	48.61	56.74	56.83	57.35	68.74	69.84	67.43	51.05	68.93	79.99	69.74	69.21	69.65	68.15	64.80	49.66	53.66	58.65	58.51
Fo_L8	48.66	48.03	55.95	56.05	56.42	68.37	68.72	66.67	50.60	68.41	78.65	69.44	68.33	68.97	66.85	64.44	48.84	53.26	58.38	58.55
Fo_L9	48.50	47.27	54.84	55.08	55.82	67.83	68.56	65.93	49.92	66.97	77.18	68.75	67.18	68.02	66.84	63.48	49.57	51.87	56.82	57.84
Fo_L10	47.87	46.74	53.96	54.15	54.85	66.93	68.15	64.56	49.45	65.42	75.92	68.10	65.86	67.39	66.60	63.11	49.10	50.67	56.50	56.97
Fo_L11	47.90	46.61	53.37	53.35	54.31	66.53	67.75	63.43	48.88	64.75	74.91	67.54	64.91	66.91	66.17	62.61	48.78	49.70	56.00	56.82
Fo_L12	47.74	46.26	52.37	52.93	53.95	65.86	66.94	63.22	49.15	64.02	73.70	67.24	64.50	66.18	65.78	62.27	49.27	48.99	56.32	56.66
Fo_L13	47.39	46.53	52.07	52.54	53.59	65.77	66.58	62.54	48.70	63.26	73.04	67.10	63.69	65.98	64.99	62.24	49.00	48.19	54.99	56.38
Fo_L14	47.36	45.59	51.07	51.52	53.04	65.19	66.00	61.58	48.67	62.71	72.12	65.73	63.09	65.32	64.64	61.88	48.31	48.24	54.93	56.01
Fo_Lss	46.72	45.17	50.96	51.86	52.36	64.85	65.49	61.51	48.32	61.97	71.22	65.60	62.24	64.77	63.97	61.56	48.17	47.50	54.57	55.43
Fo_D1	50.37	49.15	55.18	54.65	56.76	69.90	71.61	66.27	52.90	67.20	77.90	71.04	67.63	69.63	69.81	66.25	51.46	51.24	59.94	59.47
Fo_D2	53.04	51.30	57.75	57.74	59.18	73.72	75.05	69.57	55.86	70.32	81.63	75.75	71.07	73.27	73.47	70.44	53.93	53.53	63.74	62.66
Fo_D3	56.02	55.08	60.66	61.25	61.57	78.75	79.41	72.83	58.42	73.95	86.03	80.30	74.41	78.68	77.55	75.04	57.40	56.36	67.34	66.86
Fo_D4	57.86	57.33	62.53	63.60	63.12	82.05	83.09	75.29	60.40	76.16	89.04	83.86	76.56	82.70	80.47	78.44	59.59	58.22	70.36	70.07
Fv_L1	150.48	113.71	249.87	225.47	226.83	168.01	179.48	280.46	131.97	286.85	313.98	166.54	288.91	173.87	160.37	151.95	110.51	253.86	131.27	149.14
Fv_L2	119.02	97.40	191.37	174.74	176.19	143.39	143.98	217.17	105.47	222.28	247.54	143.40	226.19	143.40	139.49	128.41	93.58	193.08	116.93	130.36
Fv_L3	111.19	96.41	178.83	159.00	162.46	133.81	134.47	198.02	101.96	207.97	225.40	134.27	209.69	135.30	128.12	119.14	84.82	179.93	106.59	118.58
Fv_L4	109.18	92.90	173.29	154.37	155.25	129.78	128.07	195.13	99.40	202.43	213.71	130.93	201.27	130.17	121.45	115.14	85.09	173.48	104.96	116.32
Fv_L5	101.75	91.73	166.27	149.45	150.89	127.88	121.71	190.41	97.25	200.06	206.28	129.37	198.69	128.36	119.94	115.79	83.02	169.45	103.13	116.78
Fv_L6	103.80	90.22	160.86	150.18	146.66	123.96	122.96	182.96	99.57	190.60	198.49	127.42	190.79	121.74	119.18	113.15	83.85	165.98	102.28	113.76
Fv_L7	100.09	88.46	154.46	135.13	140.02	120.13	117.84	168.34	93.91	177.75	189.61	120.01	180.38	122.77	117.10	109.90	80.51	155.08	100.99	110.00
Fv_L8	95.26	84.53	144.70	127.36	130.37	117.70	111.08	160.09	90.78	171.77	176.32	118.10	170.19	118.40	109.07	107.67	75.82	149.59	99.25	110.27
Fv_L9	94.04	79.62	132.25	118.32	124.56	114.33	110.16	152.53	86.26	156.35	163.01	113.83	157.86	112.47	109.07	101.96	79.93	132.09	89.93	105.21
Fv_L10	89.40	76.40	123.25	110.37	115.74	108.89	107.83	139.49	83.31	141.57	152.43	109.97	145.07	108.72	107.63	99.83	77.29	119.06	88.17	99.36
Fv_L11	89.61	75.65	117.61	103.97	111.15	106.55	105.59	129.79	79.82	135.70	144.54	106.77	136.60	105.96	105.17	97.03	75.49	109.66	85.42	98.39
Fv_L12	88.43	73.60	108.83	100.82	108.28	102.77	101.19	128.03	81.47	129.54	135.66	105.09	133.04	101.93	102.97	95.18	78.25	103.29	87.13	97.37
Fv_L13	85.99	75.15	106.31	97.94	105.39	102.22	99.29	122.64	78.77	123.54	131.08	104.32	126.50	100.81	98.61	95.05	76.71	96.63	80.15	95.58
Fv_L14	85.76	69.89	98.42	90.88	101.18	99.08	96.30	115.43	78.62	119.37	125.01	97.03	121.82	97.34	96.79	93.12	72.93	96.99	79.85	93.31
Fv_Lss	81.48	67.66	97.54	93.21	96.29	97.26	93.79	114.91	76.56	114.00	119.29	96.36	115.59	94.54	93.35	91.46	72.19	91.24	78.08	89.81
Fv_D1	109.65	92.28	135.92	114.58	133.79	127.99	129.43	155.97	108.04	158.74	169.40	128.65	162.55	122.67	128.24	119.41	91.83	125.03	109.62	117.25
Fv_D2	137.40	109.48	168.24	145.07	161.76	158.14	155.66	194.59	135.96	195.16	207.55	166.21	204.55	149.56	157.15	152.32	110.26	153.19	140.17	145.49
Fv_D3	179.49	149.83	217.55	192.66	196.73	211.41	198.23	245.53	167.36	251.94	267.15	215.20	259.36	203.10	198.73	201.32	143.86	200.18	178.64	196.28
Fv_D4	213.89	182.63	259.75	236.22	224.89	258.62	245.36	296.19	198.17	297.67	321.16	266.42	305.20	258.46	236.86	250.41	171.43	242.00	221.44	250.97
Fq_L1	9.88	6.23	10.72	11.66	13.60	11.81	13.38	13.24	13.05	11.16	18.52	9.67	12.50	13.38	14.44	11.24	13.13	5.38	11.90	13.63
Fq_L2	11.40	5.86	15.82	20.29	15.65	16.89	17.05	22.66	8.14	15.81	22.28	14.34	20.45	10.56	17.92	12.52	11.67	15.20	14.24	13.08
Fq_L3	13.27	11.18	18.08	14.61	17.80	16.61	19.87	18.29	10.75	21.09	21.47	15.06	21.93	15.12	15.44	11.25	8.74	17.31	9.84	8.57
Fq_L4	15.23	12.37	19.48	15.78	18.40	18.01	19.25	21.24	14.47	23.73	21.24	15.43	21.57	16.03	13.32	9.67	11.45	18.67	11.34	9.23
Fq_L5	11.02	11.83	17.03	18.03	20.72	19.71	16.13	24.07	12.30	26.80	23.00	20.50	24.18	17.40	16.56	16.54	10.62	19.74	15.43	16.65
Fq_L6	15.15	11.64	16.99	25.50	23.08	18.88	22.60	24.27	19.52	23.17	25.15	21.51	25.05	12.13	19.07	15.19	12.98	19.98	16.73	16.08
Fq_L7	16.15	15.02	22.02	19.11	22.35	20.29	19.40	20.86	15.01	23.64	28.01	19.46	27.01	19.21	18.99	17.12	14.28	19.78	18.01	16.40
Fq_L8	15.26	11.83	17.82	16.93	17.80	19.53	16.00	20.31	14.56	26.62	22.80	20.18	24.69	18.31	14.17	18.40	7.59	24.89	19.55	20.58
Fq_L9	20.96	12.46	17.02	17.58	21.95	22.39	20.07	25.25	13.85	27.68	22.82	19.23	26.87	18.69	18.63	16.05	17.04	22.86	13.48	16.98
Fq_L10	17.03	11.50	17.37	17.11	18.25	19.39	23.02	22.07	16.50	22.55	25.43	18.03	24.50	18.23	20.48	17.40	15.68	21.08	15.16	15.18
Fq_L11	18.25	9.05	17.10	18.42	18.75	18.07	21.13	19.74	12.54	23.00	24.99	19.07	21.36	19.27	20.85	16.06	12.36	15.69	11.12	18.00
Fq_L12	20.23	11.86	15.93	19.26	20.76	18.31	21.46	26.81	18.20	24.17	25.76	21.69	24.96	18.70	21.80	17.24	20.13	17.37	20.22	18.95
Fq_L13	22.31	18.74	17.35	17.26	23.79	21.94	19.30	24.29	16.93	24.61	25.13	23.16	27.86	22.08	18.04	19.17	19.72	18.54	12.14	17.97
Fq_L14	17.63	14.77	13.33	16.78	19.54	19.95	21.62	21.11	14.48	23.43	24.73	19.11	22.22	19.32	19.61	20.04	15.66	20.97	15.96	20.70
Fq_Lss	17.68	11.43	16.86	21.32	19.55	19.93	19.74	24.20	17.96	21.55	22.14	18.62	23.01	19.10	17.77	19.54	15.90	18.19	13.11	17.28
Fq_D1	104.44	86.04	124.72	104.58	120.68	120.12	119.70	142.03	98.07	146.96	154.49	119.82	147.19	116.50	121.18	115.27	83.88	118.86	102.06	112.99
Fq_D2	134.34	106.43	161.13	138.74	152.81	154.57	150.07	186.09	127.40	188.23	198.86	162.14	193.94	146.73	153.40	152.83	101.74	149.96	136.73	146.05
Fq_D3	177.00	146.90	210.25	186.54	189.30	208.32	192.74	236.29	160.17	245.71	258.25	211.04	247.88	199.23	194.08	201.18	136.06	196.02	173.94	194.27
Fq_D4	213.27	177.79	254.00	230.61	220.69	259.45	241.36	286.94	193.40	293.13	313.72	261.82	299.80	256.08	233.08	250.55	166.74	240.93	216.99	249.64
QY_max	0.84	0.82	0.86	0.84	0.84	0.82	0.81	0.85	0.82	0.85	0.84	0.82	0.85	0.82	0.81	0.82	0.80	0.86	0.81	0.84
Fv/Fm_L1	0.74	0.69	0.80	0.78	0.78	0.69	0.70	0.79	0.70	0.79	0.78	0.69	0.79	0.70	0.68	0.68	0.67	0.81	0.68	0.70
Fv/Fm_L2	0.70	0.66	0.76	0.74	0.75	0.67	0.66	0.75	0.67	0.75	0.74	0.66	0.76	0.66	0.66	0.66	0.64	0.78	0.66	0.68
Fv/Fm_L3	0.69	0.66	0.75	0.73	0.73	0.65	0.65	0.74	0.66	0.74	0.73	0.65	0.75	0.65	0.65	0.64	0.63	0.77	0.64	0.67
Fv/Fm_L4	0.68	0.65	0.75	0.73	0.73	0.65	0.64	0.74	0.66	0.74	0.72	0.65	0.74	0.65	0.64	0.64	0.63	0.76	0.64	0.66
Fv/Fm_L5	0.67	0.65	0.74	0.72	0.72	0.65	0.63	0.73	0.65	0.74	0.72	0.65	0.74	0.65	0.64	0.64	0.62	0.76	0.64	0.66
Fv/Fm_L6	0.68	0.65	0.74	0.72	0.72	0.64	0.64	0.73	0.66	0.73	0.71	0.64	0.73	0.64	0.64	0.63	0.63	0.75	0.63	0.66
Fv/Fm_L7	0.67	0.65	0.73	0.70	0.71	0.64	0.63	0.71	0.65	0.72	0.70	0.63	0.72	0.64	0.63	0.63	0.62	0.74	0.63	0.65
Fv/Fm_L8	0.66	0.64	0.72	0.69	0.70	0.63	0.62	0.71	0.64	0.72	0.69	0.63	0.71	0.63	0.62	0.63	0.61	0.74	0.63	0.65
Fv/Fm_L9	0.66	0.63	0.71	0.68	0.69	0.63	0.62	0.70	0.63	0.70	0.68	0.62	0.70	0.62	0.62	0.62	0.62	0.72	0.61	0.65
Fv/Fm_L10	0.65	0.62	0.70	0.67	0.68	0.62	0.61	0.68	0.63	0.68	0.67	0.62	0.69	0.62	0.62	0.61	0.61	0.70	0.61	0.64
Fv/Fm_L11	0.65	0.62	0.69	0.66	0.67	0.62	0.61	0.67	0.62	0.68	0.66	0.61	0.68	0.61	0.61	0.61	0.61	0.69	0.60	0.63
Fv/Fm_L12	0.65	0.61	0.68	0.66	0.67	0.61	0.60	0.67	0.62	0.67	0.65	0.61	0.67	0.61	0.61	0.60	0.61	0.68	0.61	0.63
Fv/Fm_L13	0.64	0.62	0.67	0.65	0.66	0.61	0.60	0.66	0.62	0.66	0.64	0.61	0.67	0.60	0.60	0.60	0.61	0.67	0.59	0.63
Fv/Fm_L14	0.64	0.61	0.66	0.64	0.66	0.60	0.59	0.65	0.62	0.66	0.63	0.60	0.66	0.60	0.60	0.60	0.60	0.67	0.59	0.62
Fv/Fm_Lss	0.64	0.60	0.66	0.64	0.65	0.60	0.59	0.65	0.61	0.65	0.63	0.59	0.65	0.59	0.59	0.60	0.60	0.66	0.59	0.62
Fv/Fm_D1	0.69	0.65	0.71	0.68	0.70	0.65	0.64	0.70	0.67	0.70	0.68	0.64	0.71	0.64	0.65	0.64	0.64	0.71	0.65	0.66
Fv/Fm_D2	0.72	0.68	0.74	0.72	0.73	0.68	0.67	0.74	0.71	0.74	0.72	0.69	0.74	0.67	0.68	0.68	0.67	0.74	0.69	0.70
Fv/Fm_D3	0.76	0.73	0.78	0.76	0.76	0.73	0.71	0.77	0.74	0.77	0.76	0.73	0.78	0.72	0.72	0.73	0.71	0.78	0.73	0.75
Fv/Fm_D4	0.79	0.76	0.81	0.79	0.78	0.76	0.75	0.80	0.77	0.80	0.78	0.76	0.80	0.76	0.75	0.76	0.74	0.81	0.76	0.78
QY_L1	0.05	0.04	0.03	0.04	0.05	0.05	0.05	0.04	0.07	0.03	0.05	0.04	0.03	0.05	0.06	0.05	0.08	0.02	0.06	0.06
QY_L2	0.07	0.04	0.06	0.09	0.07	0.08	0.08	0.08	0.05	0.05	0.07	0.07	0.07	0.05	0.09	0.06	0.08	0.06	0.08	0.07
QY_L3	0.08	0.08	0.08	0.07	0.08	0.08	0.10	0.07	0.07	0.08	0.07	0.07	0.08	0.07	0.08	0.06	0.06	0.07	0.06	0.05
QY_L4	0.10	0.09	0.08	0.07	0.09	0.09	0.10	0.08	0.10	0.09	0.07	0.08	0.08	0.08	0.07	0.05	0.08	0.08	0.07	0.05
QY_L5	0.07	0.08	0.08	0.09	0.10	0.10	0.08	0.09	0.08	0.10	0.08	0.10	0.09	0.09	0.09	0.09	0.08	0.09	0.10	0.09
QY_L6	0.10	0.08	0.08	0.12	0.11	0.10	0.12	0.10	0.13	0.09	0.09	0.11	0.10	0.06	0.10	0.09	0.10	0.09	0.10	0.09
QY_L7	0.11	0.11	0.10	0.10	0.11	0.11	0.10	0.09	0.10	0.10	0.10	0.10	0.11	0.10	0.10	0.10	0.11	0.09	0.11	0.10
QY_L8	0.11	0.09	0.09	0.09	0.10	0.10	0.09	0.09	0.10	0.11	0.09	0.11	0.10	0.10	0.08	0.11	0.06	0.12	0.12	0.12
QY_L9	0.15	0.10	0.09	0.10	0.12	0.12	0.11	0.12	0.10	0.12	0.10	0.11	0.12	0.10	0.11	0.10	0.13	0.12	0.09	0.10
QY_L10	0.12	0.09	0.10	0.10	0.11	0.11	0.13	0.11	0.12	0.11	0.11	0.10	0.12	0.10	0.12	0.11	0.12	0.12	0.10	0.10
QY_L11	0.13	0.07	0.10	0.12	0.11	0.10	0.12	0.10	0.10	0.11	0.11	0.11	0.11	0.11	0.12	0.10	0.10	0.10	0.08	0.12
QY_L12	0.15	0.10	0.10	0.13	0.13	0.11	0.13	0.14	0.14	0.12	0.12	0.13	0.13	0.11	0.13	0.11	0.16	0.11	0.14	0.12
QY_L13	0.17	0.15	0.11	0.11	0.15	0.13	0.12	0.13	0.13	0.13	0.12	0.14	0.15	0.13	0.11	0.12	0.16	0.13	0.09	0.12
QY_L14	0.13	0.13	0.09	0.12	0.13	0.12	0.13	0.12	0.11	0.13	0.13	0.12	0.12	0.12	0.12	0.13	0.13	0.14	0.12	0.14
QY_Lss	0.14	0.10	0.11	0.15	0.13	0.12	0.12	0.14	0.14	0.12	0.12	0.11	0.13	0.12	0.11	0.13	0.13	0.13	0.10	0.12
QY_D1	0.65	0.61	0.65	0.62	0.63	0.61	0.60	0.64	0.61	0.65	0.62	0.60	0.64	0.61	0.61	0.62	0.59	0.67	0.60	0.64
QY_D2	0.71	0.66	0.71	0.68	0.69	0.67	0.65	0.70	0.66	0.71	0.69	0.67	0.70	0.66	0.67	0.69	0.62	0.73	0.67	0.70
QY_D3	0.75	0.72	0.76	0.73	0.73	0.72	0.69	0.74	0.71	0.75	0.73	0.71	0.74	0.71	0.70	0.73	0.68	0.76	0.71	0.74
QY_D4	0.78	0.74	0.79	0.77	0.77	0.76	0.73	0.77	0.75	0.78	0.76	0.75	0.79	0.75	0.73	0.76	0.72	0.80	0.74	0.78
NPQ_L1	0.90	1.06	0.50	0.52	0.46	0.99	0.81	0.49	0.85	0.52	0.51	1.03	0.48	1.02	0.92	1.08	0.90	0.46	1.07	1.16
NPQ_L2	1.28	1.31	0.87	0.87	0.79	1.24	1.14	0.84	1.20	0.87	0.83	1.27	0.81	1.33	1.13	1.36	1.15	0.83	1.26	1.39
NPQ_L3	1.40	1.33	0.98	1.01	0.90	1.36	1.25	0.98	1.26	0.97	0.97	1.39	0.92	1.44	1.27	1.50	1.31	0.94	1.42	1.57
NPQ_L4	1.44	1.40	1.03	1.06	0.97	1.41	1.34	1.00	1.30	1.02	1.05	1.43	0.98	1.51	1.37	1.56	1.30	1.00	1.45	1.61
NPQ_L5	1.57	1.42	1.09	1.11	1.02	1.44	1.42	1.04	1.34	1.04	1.11	1.45	1.00	1.53	1.39	1.55	1.34	1.04	1.48	1.60
NPQ_L6	1.53	1.45	1.15	1.11	1.06	1.49	1.41	1.10	1.30	1.11	1.17	1.48	1.07	1.63	1.40	1.59	1.33	1.07	1.50	1.65
NPQ_L7	1.60	1.49	1.22	1.28	1.14	1.55	1.48	1.25	1.40	1.23	1.25	1.59	1.16	1.62	1.43	1.65	1.40	1.19	1.52	1.72
NPQ_L8	1.70	1.57	1.34	1.39	1.26	1.59	1.59	1.33	1.46	1.29	1.38	1.62	1.26	1.69	1.56	1.69	1.50	1.25	1.55	1.71
NPQ_L9	1.73	1.69	1.51	1.53	1.34	1.65	1.61	1.42	1.55	1.47	1.53	1.69	1.40	1.79	1.56	1.80	1.41	1.48	1.74	1.81
NPQ_L10	1.83	1.77	1.65	1.67	1.47	1.74	1.65	1.59	1.62	1.66	1.66	1.76	1.56	1.86	1.58	1.84	1.47	1.69	1.78	1.93
NPQ_L11	1.83	1.79	1.74	1.79	1.55	1.79	1.69	1.74	1.70	1.75	1.77	1.82	1.68	1.91	1.63	1.90	1.51	1.86	1.84	1.95
NPQ_L12	1.86	1.84	1.91	1.85	1.60	1.86	1.77	1.77	1.66	1.85	1.90	1.85	1.73	2.00	1.67	1.94	1.45	2.00	1.80	1.97
NPQ_L13	1.91	1.80	1.96	1.91	1.65	1.87	1.81	1.86	1.73	1.95	1.98	1.87	1.84	2.02	1.75	1.94	1.48	2.15	1.98	2.01
NPQ_L14	1.92	1.95	2.14	2.08	1.74	1.94	1.87	1.99	1.73	2.03	2.08	2.02	1.92	2.10	1.79	1.99	1.57	2.14	1.98	2.07
NPQ_Lss	2.03	2.02	2.16	2.02	1.84	1.97	1.93	2.00	1.78	2.13	2.19	2.04	2.04	2.16	1.86	2.03	1.59	2.29	2.03	2.15
NPQ_D1	1.43	1.41	1.45	1.59	1.21	1.44	1.32	1.38	1.16	1.44	1.46	1.46	1.35	1.62	1.27	1.49	1.18	1.59	1.37	1.59
NPQ_D2	1.04	1.12	1.07	1.16	0.91	1.08	1.02	1.00	0.81	1.08	1.10	1.03	0.96	1.26	0.95	1.08	0.90	1.21	0.97	1.20
NPQ_D3	0.65	0.66	0.69	0.73	0.63	0.66	0.68	0.66	0.54	0.69	0.72	0.66	0.62	0.79	0.63	0.68	0.55	0.78	0.64	0.74
NPQ_D4	0.43	0.42	0.46	0.46	0.47	0.42	0.42	0.43	0.34	0.47	0.48	0.40	0.41	0.48	0.42	0.41	0.35	0.52	0.38	0.43
qN_L1	0.55	0.61	0.39	0.40	0.37	0.59	0.54	0.38	0.55	0.40	0.39	0.60	0.38	0.59	0.57	0.61	0.57	0.36	0.61	0.62
qN_L2	0.65	0.67	0.53	0.54	0.51	0.65	0.63	0.53	0.64	0.54	0.53	0.66	0.52	0.67	0.63	0.68	0.64	0.52	0.66	0.67
qN_L3	0.67	0.67	0.56	0.58	0.55	0.67	0.66	0.57	0.66	0.57	0.57	0.68	0.55	0.69	0.66	0.70	0.68	0.55	0.69	0.70
qN_L4	0.68	0.68	0.58	0.59	0.57	0.68	0.68	0.58	0.66	0.58	0.59	0.69	0.57	0.70	0.68	0.71	0.67	0.57	0.69	0.71
qN_L5	0.70	0.69	0.60	0.61	0.59	0.69	0.69	0.59	0.67	0.58	0.61	0.69	0.58	0.70	0.69	0.71	0.68	0.58	0.70	0.71
qN_L6	0.69	0.69	0.61	0.61	0.60	0.70	0.69	0.60	0.66	0.60	0.62	0.70	0.59	0.72	0.69	0.72	0.68	0.59	0.70	0.71
qN_L7	0.71	0.70	0.63	0.65	0.62	0.71	0.70	0.64	0.68	0.63	0.64	0.72	0.62	0.72	0.69	0.72	0.69	0.61	0.71	0.72
qN_L8	0.72	0.71	0.65	0.67	0.64	0.72	0.72	0.65	0.69	0.64	0.67	0.72	0.64	0.73	0.72	0.73	0.71	0.63	0.71	0.72
qN_L9	0.72	0.73	0.68	0.69	0.66	0.72	0.72	0.67	0.71	0.68	0.69	0.73	0.67	0.74	0.72	0.74	0.70	0.67	0.74	0.74
qN_L10	0.74	0.74	0.70	0.71	0.68	0.74	0.73	0.70	0.72	0.71	0.71	0.74	0.69	0.75	0.72	0.75	0.71	0.71	0.75	0.75
qN_L11	0.74	0.74	0.72	0.73	0.70	0.74	0.73	0.72	0.73	0.72	0.73	0.75	0.71	0.76	0.73	0.76	0.71	0.73	0.75	0.75
qN_L12	0.74	0.75	0.74	0.74	0.71	0.75	0.75	0.73	0.73	0.73	0.75	0.75	0.72	0.77	0.73	0.76	0.70	0.75	0.75	0.76
qN_L13	0.75	0.74	0.74	0.75	0.71	0.75	0.75	0.74	0.74	0.75	0.75	0.75	0.73	0.77	0.74	0.76	0.71	0.76	0.77	0.76
qN_L14	0.75	0.76	0.76	0.77	0.73	0.76	0.76	0.75	0.74	0.76	0.77	0.77	0.74	0.78	0.75	0.77	0.72	0.76	0.77	0.77
qN_Lss	0.76	0.77	0.77	0.76	0.74	0.77	0.77	0.75	0.74	0.77	0.78	0.77	0.76	0.78	0.76	0.77	0.73	0.78	0.78	0.78
qN_D1	0.68	0.68	0.67	0.70	0.63	0.69	0.67	0.66	0.63	0.67	0.68	0.69	0.66	0.72	0.66	0.70	0.65	0.69	0.68	0.71
qN_D2	0.59	0.62	0.59	0.62	0.55	0.61	0.60	0.58	0.53	0.59	0.61	0.60	0.56	0.65	0.58	0.61	0.57	0.62	0.59	0.63
qN_D3	0.46	0.48	0.47	0.49	0.45	0.48	0.49	0.46	0.42	0.47	0.49	0.48	0.44	0.52	0.47	0.48	0.43	0.50	0.47	0.50
qN_D4	0.35	0.36	0.36	0.37	0.37	0.35	0.36	0.35	0.31	0.37	0.38	0.35	0.34	0.39	0.36	0.35	0.32	0.39	0.33	0.35
qP_L1	0.07	0.05	0.04	0.05	0.06	0.07	0.07	0.05	0.10	0.04	0.06	0.06	0.04	0.08	0.09	0.07	0.12	0.02	0.09	0.09
qP_L2	0.10	0.06	0.08	0.12	0.09	0.12	0.12	0.10	0.08	0.07	0.09	0.10	0.09	0.07	0.13	0.10	0.12	0.08	0.12	0.10
qP_L3	0.12	0.12	0.10	0.09	0.11	0.12	0.15	0.09	0.11	0.10	0.10	0.11	0.10	0.11	0.12	0.09	0.10	0.10	0.09	0.07
qP_L4	0.14	0.13	0.11	0.10	0.12	0.14	0.15	0.11	0.15	0.12	0.10	0.12	0.11	0.12	0.11	0.08	0.13	0.11	0.11	0.08
qP_L5	0.11	0.13	0.10	0.12	0.14	0.15	0.13	0.13	0.13	0.13	0.11	0.16	0.12	0.14	0.14	0.14	0.13	0.12	0.15	0.14
qP_L6	0.15	0.13	0.11	0.17	0.16	0.15	0.18	0.13	0.20	0.12	0.13	0.17	0.13	0.10	0.16	0.13	0.15	0.12	0.16	0.14
qP_L7	0.16	0.17	0.14	0.14	0.16	0.17	0.16	0.12	0.16	0.13	0.15	0.16	0.15	0.16	0.16	0.16	0.18	0.13	0.18	0.15
qP_L8	0.16	0.14	0.12	0.13	0.14	0.17	0.14	0.13	0.16	0.15	0.13	0.17	0.15	0.15	0.13	0.17	0.10	0.17	0.20	0.19
qP_L9	0.22	0.16	0.13	0.15	0.18	0.20	0.18	0.17	0.16	0.18	0.14	0.17	0.17	0.17	0.17	0.16	0.21	0.17	0.15	0.16
qP_L10	0.19	0.15	0.14	0.15	0.16	0.18	0.21	0.16	0.20	0.16	0.17	0.16	0.17	0.17	0.19	0.17	0.20	0.18	0.17	0.15
qP_L11	0.20	0.12	0.15	0.18	0.17	0.17	0.20	0.15	0.16	0.17	0.17	0.18	0.16	0.18	0.20	0.17	0.16	0.14	0.13	0.18
qP_L12	0.23	0.16	0.15	0.19	0.19	0.18	0.21	0.21	0.22	0.19	0.19	0.21	0.19	0.18	0.21	0.18	0.26	0.17	0.23	0.19
qP_L13	0.26	0.25	0.16	0.18	0.23	0.21	0.19	0.20	0.21	0.20	0.19	0.22	0.22	0.22	0.18	0.20	0.26	0.19	0.15	0.19
qP_L14	0.21	0.21	0.14	0.18	0.19	0.20	0.22	0.18	0.18	0.20	0.20	0.20	0.18	0.20	0.20	0.22	0.21	0.22	0.20	0.22
qP_Lss	0.22	0.17	0.17	0.23	0.20	0.20	0.21	0.21	0.23	0.19	0.19	0.19	0.20	0.20	0.19	0.21	0.22	0.20	0.17	0.19
qP_D1	0.95	0.93	0.92	0.91	0.90	0.94	0.92	0.91	0.91	0.93	0.91	0.93	0.91	0.95	0.94	0.97	0.91	0.95	0.93	0.96
qP_D2	0.98	0.97	0.96	0.96	0.94	0.98	0.96	0.96	0.94	0.96	0.96	0.98	0.95	0.98	0.98	1.00	0.92	0.98	0.98	1.00
qP_D3	0.99	0.98	0.97	0.97	0.96	0.99	0.97	0.96	0.96	0.98	0.97	0.98	0.96	0.98	0.98	1.00	0.95	0.98	0.97	0.99
qP_D4	1.00	0.97	0.98	0.98	0.98	1.00	0.98	0.97	0.98	0.98	0.98	0.98	0.98	0.99	0.98	1.00	0.97	1.00	0.98	0.99
qL_L1	0.24	0.17	0.21	0.23	0.26	0.22	0.23	0.22	0.31	0.18	0.26	0.18	0.20	0.24	0.27	0.22	0.33	0.11	0.26	0.29
qL_L2	0.30	0.17	0.33	0.41	0.33	0.32	0.32	0.39	0.22	0.27	0.33	0.28	0.35	0.21	0.35	0.26	0.32	0.33	0.33	0.29
qL_L3	0.35	0.31	0.38	0.32	0.38	0.33	0.38	0.33	0.29	0.37	0.33	0.30	0.38	0.30	0.32	0.25	0.26	0.38	0.24	0.21
qL_L4	0.40	0.35	0.41	0.34	0.40	0.36	0.38	0.38	0.38	0.41	0.33	0.31	0.38	0.32	0.28	0.22	0.33	0.41	0.28	0.22
qL_L5	0.31	0.34	0.37	0.39	0.44	0.39	0.33	0.43	0.33	0.46	0.36	0.40	0.42	0.35	0.35	0.36	0.31	0.44	0.37	0.38
qL_L6	0.41	0.34	0.37	0.53	0.49	0.38	0.44	0.44	0.50	0.41	0.40	0.42	0.44	0.26	0.39	0.34	0.37	0.44	0.40	0.38
qL_L7	0.44	0.43	0.48	0.43	0.49	0.41	0.40	0.40	0.41	0.43	0.45	0.40	0.48	0.39	0.40	0.38	0.41	0.45	0.43	0.39
qL_L8	0.42	0.35	0.40	0.39	0.41	0.40	0.34	0.39	0.40	0.48	0.38	0.41	0.45	0.38	0.31	0.41	0.24	0.56	0.47	0.47
qL_L9	0.56	0.38	0.40	0.42	0.50	0.46	0.42	0.49	0.39	0.52	0.39	0.40	0.50	0.40	0.40	0.37	0.48	0.54	0.35	0.41
qL_L10	0.48	0.36	0.42	0.42	0.44	0.42	0.48	0.45	0.47	0.45	0.45	0.39	0.48	0.39	0.44	0.40	0.46	0.52	0.39	0.38
qL_L11	0.51	0.29	0.42	0.46	0.46	0.40	0.45	0.42	0.37	0.46	0.45	0.41	0.43	0.42	0.45	0.38	0.38	0.41	0.30	0.44
qL_L12	0.56	0.38	0.41	0.49	0.50	0.41	0.46	0.54	0.51	0.49	0.47	0.46	0.50	0.41	0.47	0.41	0.56	0.46	0.51	0.46
qL_L13	0.61	0.55	0.44	0.45	0.57	0.48	0.43	0.51	0.49	0.51	0.47	0.49	0.56	0.48	0.41	0.45	0.56	0.50	0.34	0.45
qL_L14	0.50	0.47	0.36	0.45	0.49	0.45	0.48	0.46	0.43	0.50	0.47	0.43	0.47	0.44	0.44	0.47	0.47	0.56	0.43	0.51
qL_Lss	0.51	0.38	0.45	0.55	0.50	0.45	0.45	0.52	0.52	0.47	0.44	0.42	0.50	0.44	0.42	0.46	0.48	0.51	0.37	0.44
qL_D1	1.05	1.05	1.10	1.08	1.11	1.04	1.05	1.10	1.08	1.09	1.09	1.05	1.11	1.03	1.04	1.03	1.05	1.07	1.05	1.03
qL_D2	1.03	1.03	1.08	1.06	1.09	1.02	1.04	1.07	1.08	1.06	1.06	1.03	1.09	1.02	1.03	1.00	1.07	1.04	1.03	0.99
qL_D3	1.03	1.03	1.08	1.06	1.08	1.02	1.04	1.08	1.07	1.06	1.07	1.03	1.10	1.03	1.04	1.00	1.07	1.05	1.04	1.02
qL_D4	1.01	1.06	1.07	1.06	1.05	0.99	1.03	1.09	1.05	1.04	1.06	1.04	1.05	1.02	1.03	1.00	1.05	1.01	1.04	1.01
Rfd_L1	0.95	1.03	0.50	0.57	0.50	0.98	0.86	0.53	0.86	0.51	0.56	1.02	0.53	1.01	0.93	1.06	0.95	0.41	1.04	1.18
Rfd_L2	1.39	1.29	0.93	1.02	0.88	1.30	1.26	0.97	1.16	0.90	0.93	1.32	0.94	1.31	1.19	1.37	1.21	0.85	1.27	1.43
Rfd_L3	1.56	1.40	1.07	1.13	1.03	1.43	1.42	1.10	1.26	1.06	1.08	1.46	1.08	1.47	1.32	1.50	1.33	0.99	1.38	1.55
Rfd_L4	1.63	1.49	1.14	1.20	1.12	1.51	1.51	1.15	1.37	1.13	1.18	1.51	1.15	1.56	1.39	1.55	1.38	1.07	1.43	1.60
Rfd_L5	1.71	1.51	1.19	1.29	1.20	1.57	1.57	1.22	1.38	1.18	1.26	1.61	1.20	1.61	1.46	1.64	1.41	1.12	1.53	1.72
Rfd_L6	1.74	1.54	1.25	1.37	1.28	1.62	1.65	1.30	1.46	1.24	1.35	1.66	1.29	1.65	1.51	1.67	1.44	1.16	1.57	1.76
Rfd_L7	1.85	1.65	1.39	1.51	1.37	1.71	1.69	1.44	1.50	1.38	1.48	1.76	1.42	1.74	1.55	1.76	1.55	1.29	1.62	1.85
Rfd_L8	1.95	1.68	1.48	1.60	1.45	1.74	1.77	1.54	1.56	1.48	1.58	1.81	1.52	1.80	1.62	1.83	1.52	1.43	1.69	1.92
Rfd_L9	2.12	1.83	1.66	1.78	1.62	1.86	1.86	1.71	1.65	1.71	1.75	1.87	1.72	1.93	1.69	1.92	1.62	1.69	1.79	1.97
Rfd_L10	2.16	1.90	1.83	1.94	1.72	1.92	1.96	1.88	1.79	1.88	1.95	1.93	1.89	2.00	1.75	1.99	1.66	1.91	1.87	2.07
Rfd_L11	2.18	1.86	1.94	2.12	1.83	1.95	1.98	2.02	1.79	1.99	2.08	2.02	2.00	2.09	1.81	2.03	1.64	2.01	1.85	2.16
Rfd_L12	2.27	2.00	2.12	2.22	1.93	2.04	2.09	2.19	1.89	2.13	2.26	2.12	2.13	2.17	1.88	2.11	1.75	2.21	2.02	2.21
Rfd_L13	2.42	2.14	2.21	2.25	2.07	2.13	2.09	2.26	1.94	2.27	2.34	2.17	2.32	2.28	1.91	2.15	1.78	2.43	2.02	2.23
Rfd_L14	2.28	2.21	2.32	2.45	2.08	2.17	2.22	2.36	1.88	2.35	2.47	2.27	2.32	2.31	1.98	2.23	1.79	2.49	2.13	2.37
Rfd_Lss	2.43	2.19	2.44	2.50	2.21	2.21	2.25	2.44	2.03	2.44	2.55	2.28	2.49	2.38	2.03	2.26	1.82	2.59	2.11	2.39
