FluorCam7 Numeric Avg Export File
-----------------------------------
	Area 1	Area 2	Area 3	Area 4	Area 5	Area 6	Area 7	Area 8	Area 9	Area 10	Area 11	Area 12	Area 13	Area 14	Area 15	Area 16	Area 17	Area 18	Area 19	Area 20
Size [pixels]	2360	863	1630	1190	1338	2024	1766	1614	1456	2985	1961	1617	2216	1895	1289	1303	1775	1453	2215	1406
Size [mm2]	1733.47	633.89	1197.27	874.08	982.79	1486.67	1297.17	1185.52	1069.46	2192.55	1440.40	1187.72	1627.70	1391.92	946.80	957.08	1303.78	1067.26	1626.97	1032.74
Fo	66.85	63.70	78.14	59.08	75.91	85.30	87.88	79.40	77.99	94.19	84.36	83.82	78.33	90.59	93.78	69.55	68.12	74.70	83.57	73.44
Fm	362.01	353.91	448.45	331.38	393.48	442.76	470.57	452.29	393.71	547.77	487.43	462.72	445.74	495.83	520.84	369.24	352.81	451.96	474.74	412.03
Fv	295.16	290.20	370.31	272.29	317.57	357.46	382.70	372.89	315.71	453.59	403.08	378.89	367.41	405.24	427.05	299.69	284.69	377.25	391.17	338.59
Fp	366.34	348.27	453.17	333.04	395.28	435.31	469.98	454.75	391.21	544.44	486.81	462.65	446.90	489.98	518.48	363.97	350.79	445.45	473.04	410.93
Fm_L1	212.80	203.26	290.27	216.62	260.77	264.50	282.31	290.23	241.93	344.74	315.43	276.10	289.70	292.69	302.36	227.92	219.17	289.20	271.71	224.57
Fm_L2	166.08	161.00	223.03	178.78	202.82	209.61	221.24	220.70	195.07	261.38	240.08	213.84	232.04	229.69	234.52	177.66	176.20	227.67	217.14	185.36
Fm_L3	156.95	153.48	207.27	167.23	186.64	194.66	205.61	209.97	181.32	243.13	225.61	199.39	214.23	217.37	222.23	166.52	161.08	210.43	203.71	177.34
Fm_L4	148.41	144.81	196.02	159.27	176.01	188.18	199.24	202.36	174.02	236.37	215.55	192.29	204.46	209.15	213.74	159.02	154.64	203.65	194.78	170.32
Fm_L5	142.75	141.21	190.21	152.58	170.34	184.21	193.36	195.33	167.17	230.69	211.02	186.50	198.34	204.55	209.36	152.43	150.00	194.88	189.46	164.98
Fm_L6	143.54	137.63	184.48	150.26	170.18	177.34	186.57	187.03	164.92	223.79	203.41	181.27	194.35	198.52	203.27	148.46	148.60	189.15	182.54	160.71
Fm_L7	139.12	134.84	176.99	145.35	161.78	171.45	181.66	184.55	159.20	214.53	199.05	177.57	188.24	193.55	195.42	144.27	143.25	179.41	178.44	158.52
Fm_L8	136.44	131.67	173.38	142.89	157.76	168.45	178.87	176.45	154.72	208.18	190.86	172.87	183.45	188.31	190.28	142.34	137.28	175.37	173.29	155.24
Fm_L9	131.73	127.95	165.01	136.90	150.80	162.05	170.01	166.91	150.22	197.95	181.75	167.32	174.86	181.30	185.09	135.20	134.61	165.53	167.69	149.09
Fm_L10	129.08	125.86	162.08	131.97	146.52	155.74	167.73	162.28	148.73	191.11	178.69	162.93	168.85	178.40	180.79	131.58	130.09	157.42	164.74	145.36
Fm_L11	129.79	125.43	158.12	126.82	146.16	155.79	163.87	159.78	143.79	188.27	172.69	159.84	166.45	172.07	178.85	129.63	129.04	156.40	162.11	146.51
Fm_L12	128.70	124.80	155.19	125.01	144.77	155.84	159.77	154.98	142.00	184.00	169.17	157.34	163.10	169.41	174.57	127.91	126.39	154.03	158.96	142.11
Fm_L13	126.32	124.82	153.17	124.26	142.34	150.41	158.65	152.90	140.00	180.88	167.00	155.67	159.93	166.48	171.05	125.18	125.73	149.48	156.48	140.65
Fm_L14	122.39	120.57	149.65	123.54	136.82	147.74	157.02	150.17	136.28	175.83	163.97	154.81	156.32	163.90	170.84	127.58	121.64	146.79	156.42	138.64
Fm_Lss	124.34	123.34	148.50	119.79	138.89	146.53	154.64	148.31	137.60	173.19	164.54	153.29	154.75	163.24	165.61	124.04	121.89	143.79	153.31	135.69
Fm_D1	150.71	156.50	183.10	155.48	164.69	179.39	193.32	189.92	169.89	215.27	200.97	196.49	187.21	207.68	217.87	158.00	147.17	183.66	200.05	173.00
Fm_D2	179.97	188.37	218.31	171.40	194.76	212.82	226.39	216.96	202.51	259.31	236.01	226.06	222.64	251.51	259.29	181.36	174.97	226.15	238.32	201.69
Fm_D3	216.62	228.92	269.30	209.02	233.43	263.99	280.52	275.03	239.96	319.53	290.24	284.25	268.89	310.81	321.91	225.74	210.07	278.50	292.34	254.85
Fm_D4	259.28	261.87	324.13	238.70	278.23	311.91	333.87	321.64	289.37	383.67	350.55	332.57	320.64	362.91	376.93	262.98	250.91	323.74	336.31	298.59
Ft_L1	203.22	196.06	283.15	206.74	251.93	255.51	277.42	283.84	234.94	334.04	308.56	268.00	279.99	283.69	293.97	224.26	211.48	281.31	262.72	220.00
Ft_L2	151.93	147.68	209.25	164.40	185.56	192.72	207.61	207.72	177.49	241.15	224.59	199.30	212.19	214.72	221.80	168.51	160.37	209.11	201.87	175.84
Ft_L3	142.07	136.21	188.68	149.92	170.72	178.62	190.46	190.42	164.54	224.28	204.84	184.36	197.65	198.56	204.55	152.87	148.18	191.82	185.21	164.14
Ft_L4	134.76	127.06	177.89	140.74	160.15	169.11	180.90	178.82	157.67	212.23	194.86	171.84	188.80	190.03	192.43	143.00	140.22	180.35	174.43	155.02
Ft_L5	129.88	121.28	168.70	137.17	154.12	163.77	172.91	173.36	151.47	205.21	187.70	167.10	180.77	182.03	184.10	138.71	134.34	172.86	167.46	151.34
Ft_L6	124.85	121.21	164.95	134.86	147.10	160.55	170.02	169.45	146.14	200.67	183.87	162.00	175.09	178.20	181.79	134.83	130.94	166.93	163.39	147.14
Ft_L7	121.26	114.59	156.43	127.51	143.57	153.48	161.80	159.92	142.68	189.53	174.77	154.84	168.91	169.89	172.06	128.09	126.10	157.74	155.95	140.58
Ft_L8	118.85	112.27	153.28	123.66	137.35	147.29	156.54	154.64	137.30	181.05	167.15	149.71	163.67	163.59	167.64	125.25	121.53	150.51	152.64	137.77
Ft_L9	113.23	108.16	144.97	118.05	132.01	143.11	151.09	146.62	131.67	172.60	159.21	143.39	155.74	157.53	161.05	119.67	117.07	144.82	146.91	131.53
Ft_L10	111.25	106.97	139.48	112.59	127.49	139.45	146.04	141.76	127.67	166.98	154.84	138.84	150.35	153.96	155.99	115.52	113.84	140.74	142.01	127.57
Ft_L11	108.93	103.90	135.46	108.15	124.15	134.61	142.65	136.79	127.28	161.66	148.28	135.17	146.67	149.10	151.55	113.24	112.14	133.78	138.88	124.89
Ft_L12	106.71	103.60	132.86	106.08	121.20	132.50	140.83	134.00	123.58	157.92	146.96	133.76	142.11	146.94	149.94	111.35	108.20	130.94	136.16	123.88
Ft_L13	107.17	102.00	130.35	104.30	120.76	130.51	137.68	131.52	122.50	154.10	143.55	132.28	140.46	143.58	145.77	109.33	106.51	128.18	134.09	122.08
Ft_L14	103.76	101.13	128.71	103.64	117.93	128.73	135.39	128.14	120.01	151.83	140.73	129.84	137.71	142.10	143.88	108.37	103.78	124.94	131.60	118.34
Ft_Lss	103.97	99.25	125.55	100.78	117.69	124.54	134.04	125.93	118.35	147.39	139.01	127.20	135.26	138.57	140.70	106.69	104.17	122.06	128.73	117.32
Ft_D1	59.11	56.26	73.11	57.41	66.93	74.02	76.25	70.47	69.43	81.87	79.30	72.85	73.04	77.59	80.50	61.39	60.07	67.70	72.52	65.27
Ft_D2	58.28	55.97	71.86	54.64	65.90	73.45	74.35	68.84	67.90	81.19	77.01	70.70	71.92	77.11	80.05	59.60	59.40	69.22	71.46	62.57
Ft_D3	61.96	58.11	75.85	59.33	69.93	77.12	79.10	74.35	72.13	86.18	82.61	76.59	76.79	82.23	85.59	64.67	64.25	72.28	76.51	69.07
Ft_D4	64.56	57.60	78.74	57.99	74.95	79.39	81.65	74.59	75.81	87.55	84.23	77.89	78.28	83.37	86.22	65.42	66.16	72.61	78.71	71.15
Fo_L1	59.19	56.20	71.37	53.99	69.13	75.50	78.14	72.31	69.37	85.52	77.08	74.68	71.56	80.40	82.99	62.28	60.95	68.35	73.85	63.93
Fo_L2	54.89	52.40	66.44	51.28	64.26	70.24	72.60	67.05	64.90	79.25	71.59	69.23	67.42	74.76	76.88	57.81	57.07	64.24	69.13	60.30
Fo_L3	53.86	51.58	64.97	50.28	62.54	68.48	70.83	66.02	63.30	77.49	70.25	67.64	65.83	73.41	75.51	56.58	55.39	62.79	67.71	59.42
Fo_L4	52.81	50.56	63.82	49.54	61.30	67.66	70.06	65.25	62.39	76.79	69.24	66.80	64.88	72.45	74.51	55.68	54.61	62.17	66.69	58.61
Fo_L5	52.08	50.12	63.19	48.87	60.60	67.14	69.32	64.50	61.49	76.18	68.77	66.09	64.25	71.89	73.97	54.85	54.02	61.33	66.06	57.97
Fo_L6	52.18	49.66	62.55	48.63	60.58	66.21	68.42	63.57	61.18	75.41	67.94	65.42	63.83	71.13	73.19	54.33	53.84	60.75	65.20	57.43
Fo_L7	51.59	49.29	61.66	48.11	59.48	65.37	67.75	63.28	60.38	74.33	67.45	64.93	63.15	70.48	72.15	53.76	53.12	59.71	64.67	57.15
Fo_L8	51.22	48.86	61.22	47.83	58.93	64.93	67.36	62.30	59.72	73.56	66.48	64.29	62.60	69.77	71.44	53.49	52.27	59.26	63.98	56.72
Fo_L9	50.54	48.34	60.14	47.14	57.93	63.96	66.06	61.07	59.04	72.24	65.34	63.51	61.57	68.79	70.69	52.45	51.88	58.09	63.20	55.88
Fo_L10	50.14	48.04	59.75	46.54	57.28	62.95	65.72	60.44	58.81	71.30	64.94	62.87	60.81	68.37	70.06	51.89	51.20	57.06	62.77	55.34
Fo_L11	50.25	47.97	59.20	45.89	57.23	62.96	65.12	60.09	58.02	70.91	64.13	62.40	60.49	67.42	69.76	51.59	51.03	56.92	62.39	55.51
Fo_L12	50.08	47.88	58.79	45.65	57.02	62.96	64.46	59.40	57.72	70.29	63.64	62.02	60.05	67.00	69.10	51.31	50.61	56.61	61.92	54.87
Fo_L13	49.72	47.88	58.49	45.55	56.63	62.06	64.28	59.09	57.39	69.83	63.33	61.75	59.61	66.54	68.55	50.87	50.51	55.98	61.54	54.65
Fo_L14	49.10	47.25	57.97	45.45	55.74	61.60	64.01	58.68	56.76	69.07	62.89	61.62	59.10	66.12	68.51	51.26	49.83	55.60	61.53	54.34
Fo_Lss	49.41	47.67	57.80	44.93	56.08	61.39	63.61	58.39	56.98	68.65	62.97	61.38	58.88	66.02	67.66	50.68	49.88	55.16	61.04	53.88
Fo_D1	53.10	51.92	62.39	49.17	59.87	66.49	69.31	63.90	61.85	74.42	67.66	67.30	63.04	72.27	75.00	55.56	53.65	60.17	67.30	58.93
Fo_D2	56.33	55.00	66.02	50.65	63.43	70.60	73.14	66.70	65.71	79.06	71.22	70.46	66.60	76.94	79.37	58.19	56.95	64.12	71.14	61.93
Fo_D3	59.48	58.00	70.03	53.50	67.04	75.45	78.01	71.33	69.21	83.88	75.48	75.26	70.22	81.71	84.39	62.11	60.22	67.73	75.30	66.17
Fo_D4	62.29	59.91	73.25	55.26	70.30	78.92	81.63	74.12	72.80	87.73	79.02	78.27	73.31	84.91	87.75	64.63	63.17	70.11	77.92	68.78
Fv_L1	153.61	147.05	218.91	162.64	191.64	189.00	204.16	217.92	172.55	259.22	238.35	201.42	218.14	212.30	219.38	165.64	158.22	220.85	197.86	160.64
Fv_L2	111.18	108.60	156.58	127.50	138.56	139.36	148.64	153.65	130.17	182.12	168.49	144.61	164.62	154.93	157.64	119.85	119.12	163.43	148.01	125.06
Fv_L3	103.09	101.90	142.30	116.94	124.10	126.17	134.78	143.94	118.01	165.64	155.36	131.75	148.40	143.96	146.72	109.94	105.69	147.64	136.00	117.91
Fv_L4	95.59	94.25	132.20	109.73	114.71	120.52	129.18	137.11	111.63	159.58	146.31	125.48	139.58	136.70	139.24	103.33	100.03	141.48	128.09	111.71
Fv_L5	90.67	91.10	127.02	103.71	109.74	117.07	124.04	130.83	105.68	154.51	142.25	120.41	134.09	132.66	135.39	97.57	95.98	133.54	123.40	107.01
Fv_L6	91.35	87.97	121.93	101.63	109.60	111.13	118.14	123.46	103.74	148.38	135.47	115.85	130.53	127.39	130.08	94.13	94.76	128.39	117.35	103.28
Fv_L7	87.53	85.55	115.33	97.24	102.30	106.08	113.90	121.26	98.82	140.20	131.61	112.64	125.09	123.07	123.27	90.51	90.13	119.70	113.77	101.37
Fv_L8	85.23	82.81	112.16	95.06	98.84	103.52	111.51	114.15	95.00	134.63	124.38	108.58	120.85	118.54	118.85	88.85	85.01	116.11	109.31	98.53
Fv_L9	81.19	79.61	104.87	89.76	92.87	98.10	103.94	105.84	91.18	125.71	116.41	103.81	113.28	112.51	114.40	82.75	82.73	107.44	104.49	93.22
Fv_L10	78.94	77.82	102.33	85.42	89.23	92.79	102.01	101.84	89.92	119.80	113.75	100.06	108.04	110.04	110.73	79.68	78.89	100.36	101.97	90.02
Fv_L11	79.54	77.46	98.91	80.93	88.93	92.83	98.75	99.69	85.77	117.37	108.56	97.44	105.95	104.66	109.09	78.04	78.01	99.48	99.72	91.00
Fv_L12	78.61	76.92	96.41	79.36	87.76	92.88	95.31	95.58	84.28	113.71	105.54	95.32	103.05	102.41	105.47	76.60	75.78	97.43	97.04	87.25
Fv_L13	76.60	76.93	94.67	78.71	85.70	88.35	94.37	93.82	82.61	111.05	103.67	93.91	100.32	99.94	102.51	74.31	75.22	93.50	94.94	86.00
Fv_L14	73.29	73.33	91.68	78.09	81.08	86.14	93.02	91.49	79.52	106.77	101.08	93.19	97.22	97.78	102.33	76.32	71.81	91.19	94.89	84.30
Fv_Lss	74.93	75.68	90.70	74.86	82.81	85.14	91.03	89.92	80.62	104.53	101.57	91.92	95.87	97.23	97.96	73.36	72.01	88.63	92.27	81.81
Fv_D1	97.61	104.59	120.72	106.32	104.82	112.90	124.01	126.01	108.04	140.85	133.31	129.19	124.17	135.41	142.87	102.45	93.52	123.49	132.75	114.07
Fv_D2	123.64	133.37	152.30	120.75	131.33	142.21	153.25	150.26	136.80	180.25	164.78	155.60	156.03	174.57	179.92	123.17	118.02	162.03	167.18	139.76
Fv_D3	157.14	170.92	199.27	155.52	166.38	188.54	202.51	203.70	170.75	235.64	214.76	208.99	198.67	229.10	237.52	163.63	149.85	210.77	217.04	188.68
Fv_D4	196.99	201.95	250.88	183.44	207.94	232.99	252.23	247.53	216.58	295.93	271.54	254.30	247.33	278.00	289.18	198.35	187.74	253.62	258.39	229.81
Fq_L1	9.58	7.20	7.12	9.88	8.84	8.99	4.89	6.39	6.99	10.71	6.87	8.10	9.71	9.00	8.40	3.66	7.69	7.88	8.99	4.57
Fq_L2	14.15	13.32	13.78	14.37	17.26	16.89	13.63	12.98	17.58	20.23	15.49	14.54	19.85	14.97	12.72	9.15	15.82	18.56	15.27	9.51
Fq_L3	14.88	17.27	18.58	17.31	15.91	16.04	15.15	19.55	16.78	18.84	20.76	15.03	16.58	18.82	17.68	13.65	12.90	18.61	18.50	13.19
Fq_L4	13.65	17.75	18.13	18.53	15.86	19.07	18.34	23.53	16.35	24.14	20.69	20.45	15.66	19.12	21.32	16.02	14.42	23.30	20.35	15.31
Fq_L5	12.87	19.94	21.51	15.41	16.22	20.45	20.44	21.98	15.70	25.49	23.32	19.40	17.57	22.51	25.25	13.71	15.67	22.01	22.00	13.64
Fq_L6	18.68	16.42	19.53	15.40	23.08	16.79	16.55	17.58	18.78	23.12	19.54	19.27	19.26	20.33	21.48	13.63	17.66	22.21	19.16	13.56
Fq_L7	17.86	20.25	20.57	17.84	18.21	17.97	19.86	24.63	16.52	25.00	24.28	22.73	19.34	23.67	23.37	16.18	17.15	21.68	22.49	17.94
Fq_L8	17.60	19.40	20.11	19.23	20.42	21.16	22.33	21.81	17.42	27.13	23.71	23.16	19.78	24.73	22.64	17.09	15.76	24.86	20.64	17.47
Fq_L9	18.49	19.79	20.04	18.85	18.78	18.94	18.92	20.29	18.55	25.34	22.54	23.93	19.11	23.77	24.04	15.52	17.54	20.71	20.78	17.57
Fq_L10	17.83	18.89	22.60	19.37	19.03	16.29	21.69	20.52	21.05	24.13	23.85	24.09	18.50	24.45	24.80	16.06	16.25	16.68	22.73	17.80
Fq_L11	20.86	21.53	22.66	18.67	22.01	21.18	21.21	22.99	16.52	26.62	24.41	24.67	19.78	22.97	27.29	16.39	16.90	22.62	23.23	21.61
Fq_L12	21.99	21.20	22.33	18.93	23.57	23.34	18.94	20.98	18.42	26.08	22.21	23.57	20.99	22.47	24.64	16.57	18.19	23.10	22.79	18.24
Fq_L13	19.15	22.82	22.82	19.96	21.58	19.90	20.97	21.38	17.50	26.77	23.45	23.38	19.48	22.90	25.28	15.85	19.22	21.30	22.39	18.57
Fq_L14	18.63	19.45	20.94	19.89	18.90	19.01	21.63	22.03	16.26	24.01	23.25	24.97	18.60	21.80	26.96	19.20	17.86	21.85	24.81	20.30
Fq_Lss	20.38	24.09	22.95	19.01	21.20	21.99	20.61	22.38	19.25	25.79	25.53	26.09	19.49	24.67	24.92	17.35	17.72	21.73	24.58	18.37
Fq_D1	91.61	100.24	109.99	98.08	97.76	105.38	117.07	119.45	100.46	133.41	121.67	123.64	114.17	130.09	137.38	96.61	87.10	115.96	127.53	107.74
Fq_D2	121.70	132.40	146.45	116.77	128.86	139.36	152.04	148.12	134.61	178.12	159.00	155.36	150.71	174.40	179.24	121.76	115.56	156.93	166.86	139.12
Fq_D3	154.66	170.81	193.45	149.68	163.50	186.87	201.42	200.68	167.83	233.34	207.63	207.66	192.10	228.58	236.32	161.07	145.82	206.23	215.83	185.78
Fq_D4	194.72	204.27	245.39	180.70	203.29	232.52	252.22	247.05	213.56	296.12	266.33	254.68	242.36	279.54	290.71	197.56	184.75	251.13	257.60	227.43
QY_max	0.82	0.82	0.83	0.82	0.81	0.81	0.81	0.82	0.80	0.83	0.83	0.82	0.82	0.82	0.82	0.81	0.81	0.83	0.82	0.82
Fv/Fm_L1	0.72	0.72	0.75	0.75	0.73	0.71	0.72	0.75	0.71	0.75	0.76	0.73	0.75	0.73	0.73	0.73	0.72	0.76	0.73	0.72
Fv/Fm_L2	0.67	0.67	0.70	0.71	0.68	0.66	0.67	0.70	0.67	0.70	0.70	0.68	0.71	0.67	0.67	0.67	0.68	0.72	0.68	0.67
Fv/Fm_L3	0.66	0.66	0.69	0.70	0.66	0.65	0.66	0.69	0.65	0.68	0.69	0.66	0.69	0.66	0.66	0.66	0.66	0.70	0.67	0.66
Fv/Fm_L4	0.64	0.65	0.67	0.69	0.65	0.64	0.65	0.68	0.64	0.68	0.68	0.65	0.68	0.65	0.65	0.65	0.65	0.69	0.66	0.66
Fv/Fm_L5	0.64	0.65	0.67	0.68	0.64	0.64	0.64	0.67	0.63	0.67	0.67	0.65	0.68	0.65	0.65	0.64	0.64	0.69	0.65	0.65
Fv/Fm_L6	0.64	0.64	0.66	0.68	0.64	0.63	0.63	0.66	0.63	0.66	0.67	0.64	0.67	0.64	0.64	0.63	0.64	0.68	0.64	0.64
Fv/Fm_L7	0.63	0.63	0.65	0.67	0.63	0.62	0.63	0.66	0.62	0.65	0.66	0.63	0.66	0.64	0.63	0.63	0.63	0.67	0.64	0.64
Fv/Fm_L8	0.62	0.63	0.65	0.67	0.63	0.61	0.62	0.65	0.61	0.65	0.65	0.63	0.66	0.63	0.62	0.62	0.62	0.66	0.63	0.63
Fv/Fm_L9	0.62	0.62	0.64	0.66	0.62	0.61	0.61	0.63	0.61	0.64	0.64	0.62	0.65	0.62	0.62	0.61	0.61	0.65	0.62	0.63
Fv/Fm_L10	0.61	0.62	0.63	0.65	0.61	0.60	0.61	0.63	0.60	0.63	0.64	0.61	0.64	0.62	0.61	0.61	0.61	0.64	0.62	0.62
Fv/Fm_L11	0.61	0.62	0.63	0.64	0.61	0.60	0.60	0.62	0.60	0.62	0.63	0.61	0.64	0.61	0.61	0.60	0.60	0.64	0.62	0.62
Fv/Fm_L12	0.61	0.62	0.62	0.63	0.61	0.60	0.60	0.62	0.59	0.62	0.62	0.61	0.63	0.60	0.60	0.60	0.60	0.63	0.61	0.61
Fv/Fm_L13	0.61	0.62	0.62	0.63	0.60	0.59	0.59	0.61	0.59	0.61	0.62	0.60	0.63	0.60	0.60	0.59	0.60	0.63	0.61	0.61
Fv/Fm_L14	0.60	0.61	0.61	0.63	0.59	0.58	0.59	0.61	0.58	0.61	0.62	0.60	0.62	0.60	0.60	0.60	0.59	0.62	0.61	0.61
Fv/Fm_Lss	0.60	0.61	0.61	0.62	0.60	0.58	0.59	0.61	0.59	0.60	0.62	0.60	0.62	0.60	0.59	0.59	0.59	0.62	0.60	0.60
Fv/Fm_D1	0.65	0.67	0.66	0.68	0.64	0.63	0.64	0.66	0.64	0.65	0.66	0.66	0.66	0.65	0.66	0.65	0.64	0.67	0.66	0.66
Fv/Fm_D2	0.69	0.71	0.70	0.70	0.67	0.67	0.68	0.69	0.68	0.70	0.70	0.69	0.70	0.69	0.69	0.68	0.67	0.72	0.70	0.69
Fv/Fm_D3	0.73	0.75	0.74	0.74	0.71	0.71	0.72	0.74	0.71	0.74	0.74	0.74	0.74	0.74	0.74	0.72	0.71	0.76	0.74	0.74
Fv/Fm_D4	0.76	0.77	0.77	0.77	0.75	0.75	0.76	0.77	0.75	0.77	0.77	0.76	0.77	0.77	0.77	0.75	0.75	0.78	0.77	0.77
QY_L1	0.05	0.04	0.02	0.05	0.03	0.03	0.02	0.02	0.03	0.03	0.02	0.03	0.03	0.03	0.03	0.02	0.04	0.03	0.03	0.02
QY_L2	0.09	0.08	0.06	0.08	0.09	0.08	0.06	0.06	0.09	0.08	0.06	0.07	0.09	0.07	0.05	0.05	0.09	0.08	0.07	0.05
QY_L3	0.09	0.11	0.09	0.10	0.09	0.08	0.07	0.09	0.09	0.08	0.09	0.08	0.08	0.09	0.08	0.08	0.08	0.09	0.09	0.07
QY_L4	0.09	0.12	0.09	0.12	0.09	0.10	0.09	0.12	0.09	0.10	0.10	0.11	0.08	0.09	0.10	0.10	0.09	0.11	0.10	0.09
QY_L5	0.09	0.14	0.11	0.10	0.10	0.11	0.11	0.11	0.09	0.11	0.11	0.10	0.09	0.11	0.12	0.09	0.10	0.11	0.12	0.08
QY_L6	0.13	0.12	0.11	0.10	0.14	0.09	0.09	0.09	0.11	0.10	0.10	0.11	0.10	0.10	0.11	0.09	0.12	0.12	0.10	0.08
QY_L7	0.13	0.15	0.12	0.12	0.11	0.10	0.11	0.13	0.10	0.12	0.12	0.13	0.10	0.12	0.12	0.11	0.12	0.12	0.13	0.11
QY_L8	0.13	0.15	0.12	0.13	0.13	0.13	0.12	0.12	0.11	0.13	0.12	0.13	0.11	0.13	0.12	0.12	0.11	0.14	0.12	0.11
QY_L9	0.14	0.15	0.12	0.14	0.12	0.12	0.11	0.12	0.12	0.13	0.12	0.14	0.11	0.13	0.13	0.11	0.13	0.13	0.12	0.12
QY_L10	0.14	0.15	0.14	0.15	0.13	0.10	0.13	0.13	0.14	0.13	0.13	0.15	0.11	0.14	0.14	0.12	0.12	0.11	0.14	0.12
QY_L11	0.16	0.17	0.14	0.15	0.15	0.14	0.13	0.14	0.11	0.14	0.14	0.15	0.12	0.13	0.15	0.13	0.13	0.14	0.14	0.15
QY_L12	0.17	0.17	0.14	0.15	0.16	0.15	0.12	0.14	0.13	0.14	0.13	0.15	0.13	0.13	0.14	0.13	0.14	0.15	0.14	0.13
QY_L13	0.15	0.18	0.15	0.16	0.15	0.13	0.13	0.14	0.13	0.15	0.14	0.15	0.12	0.14	0.15	0.13	0.15	0.14	0.14	0.13
QY_L14	0.15	0.16	0.14	0.16	0.14	0.13	0.14	0.15	0.12	0.14	0.14	0.16	0.12	0.13	0.16	0.15	0.15	0.15	0.16	0.15
QY_Lss	0.16	0.20	0.15	0.16	0.15	0.15	0.13	0.15	0.14	0.15	0.16	0.17	0.13	0.15	0.15	0.14	0.15	0.15	0.16	0.14
QY_D1	0.61	0.64	0.60	0.63	0.59	0.59	0.61	0.63	0.59	0.62	0.61	0.63	0.61	0.63	0.63	0.61	0.59	0.63	0.64	0.62
QY_D2	0.68	0.70	0.67	0.68	0.66	0.65	0.67	0.68	0.66	0.69	0.67	0.69	0.68	0.69	0.69	0.67	0.66	0.69	0.70	0.69
QY_D3	0.71	0.75	0.72	0.72	0.70	0.71	0.72	0.73	0.70	0.73	0.72	0.73	0.71	0.74	0.73	0.71	0.69	0.74	0.74	0.73
QY_D4	0.75	0.78	0.76	0.76	0.73	0.75	0.76	0.77	0.74	0.77	0.76	0.77	0.76	0.77	0.77	0.75	0.74	0.78	0.77	0.76
NPQ_L1	0.70	0.74	0.54	0.53	0.51	0.67	0.67	0.56	0.63	0.59	0.55	0.68	0.54	0.69	0.72	0.62	0.61	0.56	0.75	0.83
NPQ_L2	1.18	1.20	1.01	0.85	0.94	1.11	1.13	1.05	1.02	1.10	1.03	1.16	0.92	1.16	1.22	1.08	1.00	0.99	1.19	1.22
NPQ_L3	1.31	1.31	1.16	0.98	1.11	1.27	1.29	1.15	1.17	1.25	1.16	1.32	1.08	1.28	1.34	1.22	1.19	1.15	1.33	1.32
NPQ_L4	1.44	1.44	1.29	1.08	1.24	1.35	1.36	1.24	1.26	1.32	1.26	1.41	1.18	1.37	1.44	1.32	1.28	1.22	1.44	1.42
NPQ_L5	1.54	1.51	1.36	1.17	1.31	1.40	1.43	1.32	1.36	1.37	1.31	1.48	1.25	1.42	1.49	1.42	1.35	1.32	1.51	1.50
NPQ_L6	1.52	1.57	1.43	1.21	1.31	1.50	1.52	1.42	1.39	1.45	1.40	1.55	1.29	1.50	1.56	1.49	1.37	1.39	1.60	1.56
NPQ_L7	1.60	1.62	1.53	1.28	1.43	1.58	1.59	1.45	1.47	1.55	1.45	1.61	1.37	1.56	1.67	1.56	1.46	1.52	1.66	1.60
NPQ_L8	1.65	1.69	1.59	1.32	1.49	1.63	1.63	1.56	1.54	1.63	1.55	1.68	1.43	1.63	1.74	1.59	1.57	1.58	1.74	1.65
NPQ_L9	1.75	1.77	1.72	1.42	1.61	1.73	1.77	1.71	1.62	1.77	1.68	1.77	1.55	1.73	1.81	1.73	1.62	1.73	1.83	1.76
NPQ_L10	1.80	1.81	1.77	1.51	1.69	1.84	1.81	1.79	1.65	1.87	1.73	1.84	1.64	1.78	1.88	1.81	1.71	1.87	1.88	1.83
NPQ_L11	1.79	1.82	1.84	1.61	1.69	1.84	1.87	1.83	1.74	1.91	1.82	1.89	1.68	1.88	1.91	1.85	1.73	1.89	1.93	1.81
NPQ_L12	1.81	1.84	1.89	1.65	1.72	1.84	1.95	1.92	1.77	1.98	1.88	1.94	1.73	1.93	1.98	1.89	1.79	1.93	1.99	1.90
NPQ_L13	1.87	1.84	1.93	1.67	1.76	1.94	1.97	1.96	1.81	2.03	1.92	1.97	1.79	1.98	2.04	1.95	1.81	2.02	2.03	1.93
NPQ_L14	1.96	1.94	2.00	1.68	1.88	2.00	2.00	2.01	1.89	2.12	1.97	1.99	1.85	2.03	2.05	1.89	1.90	2.08	2.04	1.97
NPQ_Lss	1.91	1.87	2.02	1.77	1.83	2.02	2.04	2.05	1.86	2.16	1.96	2.02	1.88	2.04	2.14	1.98	1.89	2.14	2.10	2.04
NPQ_D1	1.40	1.26	1.45	1.13	1.39	1.47	1.43	1.38	1.32	1.54	1.43	1.35	1.38	1.39	1.39	1.34	1.40	1.46	1.37	1.38
NPQ_D2	1.01	0.88	1.05	0.93	1.02	1.08	1.08	1.08	0.94	1.11	1.07	1.05	1.00	0.97	1.01	1.04	1.02	1.00	0.99	1.04
NPQ_D3	0.67	0.55	0.67	0.59	0.69	0.68	0.68	0.64	0.64	0.71	0.68	0.63	0.66	0.60	0.62	0.64	0.68	0.62	0.62	0.62
NPQ_D4	0.40	0.35	0.38	0.39	0.41	0.42	0.41	0.41	0.36	0.43	0.39	0.39	0.39	0.37	0.38	0.40	0.41	0.40	0.41	0.38
qN_L1	0.49	0.51	0.42	0.41	0.41	0.49	0.48	0.43	0.47	0.44	0.42	0.48	0.42	0.49	0.50	0.46	0.46	0.42	0.51	0.54
qN_L2	0.64	0.64	0.59	0.54	0.58	0.63	0.63	0.60	0.60	0.61	0.59	0.63	0.56	0.63	0.64	0.62	0.60	0.58	0.64	0.64
qN_L3	0.67	0.66	0.63	0.58	0.63	0.66	0.66	0.63	0.64	0.65	0.63	0.67	0.61	0.66	0.67	0.65	0.64	0.62	0.67	0.67
qN_L4	0.69	0.69	0.66	0.61	0.65	0.68	0.68	0.65	0.66	0.66	0.65	0.68	0.63	0.68	0.69	0.67	0.66	0.64	0.69	0.68
qN_L5	0.71	0.70	0.67	0.63	0.67	0.69	0.69	0.66	0.68	0.67	0.66	0.70	0.65	0.69	0.70	0.69	0.68	0.66	0.70	0.70
qN_L6	0.71	0.71	0.68	0.64	0.67	0.70	0.71	0.68	0.69	0.69	0.68	0.71	0.66	0.70	0.71	0.70	0.68	0.67	0.71	0.71
qN_L7	0.72	0.72	0.70	0.66	0.69	0.72	0.72	0.69	0.70	0.70	0.69	0.72	0.67	0.71	0.73	0.71	0.70	0.69	0.72	0.71
qN_L8	0.73	0.73	0.71	0.66	0.70	0.73	0.72	0.71	0.72	0.72	0.70	0.73	0.68	0.72	0.74	0.72	0.72	0.70	0.73	0.72
qN_L9	0.74	0.74	0.73	0.68	0.72	0.74	0.74	0.73	0.73	0.74	0.72	0.74	0.71	0.74	0.75	0.74	0.73	0.73	0.75	0.74
qN_L10	0.75	0.75	0.74	0.70	0.73	0.76	0.75	0.74	0.73	0.75	0.73	0.75	0.72	0.74	0.75	0.75	0.74	0.75	0.75	0.75
qN_L11	0.74	0.75	0.75	0.72	0.74	0.76	0.76	0.75	0.74	0.75	0.74	0.76	0.72	0.76	0.76	0.75	0.74	0.75	0.76	0.74
qN_L12	0.75	0.75	0.75	0.72	0.74	0.76	0.77	0.76	0.75	0.76	0.75	0.76	0.73	0.76	0.77	0.76	0.75	0.75	0.76	0.76
qN_L13	0.75	0.75	0.76	0.72	0.75	0.77	0.77	0.76	0.75	0.77	0.76	0.77	0.74	0.77	0.77	0.77	0.75	0.76	0.77	0.76
qN_L14	0.77	0.76	0.77	0.73	0.76	0.77	0.77	0.77	0.76	0.78	0.76	0.77	0.75	0.77	0.77	0.76	0.76	0.77	0.77	0.76
qN_Lss	0.76	0.75	0.77	0.74	0.75	0.78	0.78	0.77	0.76	0.78	0.76	0.77	0.75	0.77	0.78	0.77	0.76	0.78	0.78	0.77
qN_D1	0.68	0.65	0.69	0.62	0.69	0.70	0.69	0.68	0.67	0.70	0.68	0.67	0.68	0.68	0.68	0.67	0.69	0.68	0.67	0.68
qN_D2	0.60	0.55	0.60	0.57	0.60	0.62	0.61	0.61	0.58	0.62	0.60	0.60	0.59	0.58	0.59	0.60	0.60	0.58	0.59	0.60
qN_D3	0.48	0.42	0.47	0.44	0.49	0.49	0.48	0.47	0.47	0.49	0.48	0.46	0.47	0.45	0.46	0.47	0.49	0.45	0.46	0.45
qN_D4	0.34	0.31	0.33	0.34	0.36	0.36	0.35	0.35	0.33	0.36	0.34	0.34	0.34	0.32	0.33	0.35	0.35	0.34	0.35	0.33
qP_L1	0.06	0.05	0.03	0.06	0.05	0.05	0.02	0.03	0.04	0.04	0.03	0.04	0.04	0.04	0.04	0.02	0.05	0.04	0.05	0.03
qP_L2	0.13	0.12	0.09	0.11	0.12	0.12	0.09	0.08	0.14	0.11	0.09	0.10	0.12	0.10	0.08	0.08	0.13	0.11	0.10	0.08
qP_L3	0.14	0.17	0.13	0.15	0.13	0.13	0.11	0.14	0.14	0.11	0.13	0.11	0.11	0.13	0.12	0.12	0.12	0.13	0.14	0.11
qP_L4	0.14	0.19	0.14	0.17	0.14	0.16	0.14	0.17	0.15	0.15	0.14	0.16	0.11	0.14	0.15	0.16	0.14	0.16	0.16	0.14
qP_L5	0.14	0.22	0.17	0.15	0.15	0.17	0.16	0.17	0.15	0.16	0.16	0.16	0.13	0.17	0.19	0.14	0.16	0.16	0.18	0.13
qP_L6	0.20	0.19	0.16	0.15	0.21	0.15	0.14	0.14	0.18	0.16	0.14	0.17	0.15	0.16	0.17	0.14	0.19	0.17	0.16	0.13
qP_L7	0.20	0.24	0.18	0.18	0.18	0.17	0.17	0.20	0.17	0.18	0.18	0.20	0.15	0.19	0.19	0.18	0.19	0.18	0.20	0.18
qP_L8	0.21	0.23	0.18	0.20	0.21	0.20	0.20	0.19	0.18	0.20	0.19	0.21	0.16	0.21	0.19	0.19	0.19	0.21	0.19	0.18
qP_L9	0.23	0.25	0.19	0.21	0.20	0.19	0.18	0.19	0.20	0.20	0.19	0.23	0.17	0.21	0.21	0.19	0.21	0.19	0.20	0.19
qP_L10	0.23	0.24	0.22	0.23	0.21	0.18	0.21	0.20	0.23	0.20	0.21	0.24	0.17	0.22	0.22	0.20	0.21	0.17	0.22	0.20
qP_L11	0.26	0.28	0.23	0.23	0.25	0.23	0.21	0.23	0.19	0.23	0.22	0.25	0.19	0.22	0.25	0.21	0.22	0.23	0.23	0.24
qP_L12	0.28	0.28	0.23	0.24	0.27	0.25	0.20	0.22	0.22	0.23	0.21	0.25	0.20	0.22	0.23	0.22	0.24	0.24	0.23	0.21
qP_L13	0.25	0.30	0.24	0.25	0.25	0.23	0.22	0.23	0.21	0.24	0.23	0.25	0.19	0.23	0.25	0.21	0.26	0.23	0.24	0.22
qP_L14	0.25	0.27	0.23	0.25	0.23	0.22	0.23	0.24	0.20	0.22	0.23	0.27	0.19	0.22	0.26	0.25	0.25	0.24	0.26	0.24
qP_Lss	0.27	0.32	0.25	0.25	0.26	0.26	0.23	0.25	0.24	0.25	0.25	0.28	0.20	0.25	0.25	0.24	0.25	0.25	0.27	0.22
qP_D1	0.94	0.96	0.91	0.92	0.93	0.93	0.94	0.95	0.93	0.95	0.91	0.96	0.92	0.96	0.96	0.94	0.93	0.94	0.96	0.94
qP_D2	0.98	0.99	0.96	0.97	0.98	0.98	0.99	0.99	0.98	0.99	0.96	1.00	0.97	1.00	1.00	0.99	0.98	0.97	1.00	1.00
qP_D3	0.98	1.00	0.97	0.96	0.98	0.99	0.99	0.99	0.98	0.99	0.97	0.99	0.97	1.00	0.99	0.98	0.97	0.98	0.99	0.98
qP_D4	0.99	1.01	0.98	0.99	0.98	1.00	1.00	1.00	0.99	1.00	0.98	1.00	0.98	1.01	1.01	1.00	0.98	0.99	1.00	0.99
qL_L1	0.21	0.17	0.13	0.23	0.17	0.16	0.09	0.12	0.14	0.16	0.12	0.14	0.17	0.15	0.14	0.08	0.17	0.15	0.16	0.10
qL_L2	0.35	0.35	0.28	0.36	0.36	0.33	0.26	0.26	0.37	0.34	0.29	0.29	0.38	0.28	0.23	0.22	0.37	0.37	0.30	0.22
qL_L3	0.38	0.45	0.38	0.44	0.35	0.33	0.30	0.39	0.37	0.33	0.39	0.31	0.34	0.35	0.33	0.34	0.33	0.39	0.37	0.31
qL_L4	0.36	0.47	0.38	0.48	0.36	0.40	0.37	0.47	0.37	0.42	0.40	0.42	0.33	0.37	0.40	0.40	0.37	0.48	0.42	0.36
qL_L5	0.35	0.53	0.45	0.42	0.38	0.43	0.41	0.45	0.37	0.44	0.45	0.41	0.37	0.43	0.46	0.36	0.41	0.46	0.45	0.33
qL_L6	0.49	0.46	0.42	0.42	0.51	0.37	0.35	0.38	0.43	0.41	0.39	0.41	0.40	0.40	0.41	0.36	0.45	0.48	0.41	0.34
qL_L7	0.48	0.55	0.45	0.49	0.43	0.40	0.42	0.51	0.39	0.45	0.48	0.48	0.41	0.46	0.45	0.43	0.45	0.48	0.48	0.44
qL_L8	0.48	0.54	0.45	0.52	0.48	0.46	0.47	0.47	0.42	0.50	0.48	0.50	0.43	0.49	0.45	0.45	0.43	0.54	0.45	0.43
qL_L9	0.51	0.56	0.46	0.53	0.46	0.43	0.42	0.46	0.45	0.48	0.47	0.52	0.43	0.48	0.48	0.43	0.48	0.48	0.46	0.44
qL_L10	0.50	0.54	0.52	0.55	0.47	0.39	0.47	0.47	0.51	0.47	0.50	0.53	0.42	0.50	0.50	0.45	0.46	0.41	0.50	0.46
qL_L11	0.57	0.60	0.52	0.54	0.54	0.49	0.47	0.52	0.42	0.52	0.52	0.55	0.45	0.49	0.54	0.46	0.48	0.53	0.52	0.53
qL_L12	0.60	0.60	0.52	0.55	0.57	0.53	0.43	0.50	0.47	0.52	0.49	0.53	0.48	0.48	0.51	0.47	0.51	0.55	0.52	0.47
qL_L13	0.54	0.63	0.54	0.58	0.54	0.47	0.48	0.51	0.45	0.53	0.51	0.53	0.46	0.49	0.52	0.46	0.54	0.52	0.51	0.48
qL_L14	0.54	0.57	0.51	0.58	0.49	0.46	0.49	0.53	0.43	0.49	0.51	0.56	0.45	0.48	0.55	0.53	0.52	0.54	0.56	0.52
qL_Lss	0.57	0.66	0.55	0.57	0.54	0.52	0.48	0.54	0.50	0.53	0.55	0.59	0.47	0.53	0.53	0.50	0.51	0.54	0.56	0.49
qL_D1	1.04	1.04	1.07	1.08	1.04	1.04	1.04	1.05	1.04	1.04	1.07	1.04	1.07	1.03	1.03	1.04	1.04	1.06	1.04	1.05
qL_D2	1.02	1.01	1.05	1.04	1.02	1.02	1.01	1.02	1.02	1.01	1.04	1.00	1.04	1.00	1.00	1.01	1.02	1.05	1.00	1.01
qL_D3	1.03	1.00	1.05	1.07	1.02	1.01	1.01	1.03	1.02	1.02	1.06	1.01	1.06	1.00	1.01	1.02	1.04	1.04	1.01	1.03
qL_D4	1.02	0.97	1.05	1.03	1.04	1.00	1.00	1.00	1.03	1.00	1.05	1.00	1.05	0.99	0.99	1.01	1.03	1.03	1.01	1.02
Rfd_L1	0.80	0.78	0.60	0.61	0.57	0.70	0.69	0.60	0.67	0.63	0.58	0.73	0.60	0.73	0.76	0.62	0.66	0.58	0.80	0.87
Rfd_L2	1.41	1.36	1.17	1.03	1.13	1.26	1.26	1.19	1.20	1.26	1.17	1.32	1.11	1.28	1.34	1.16	1.19	1.13	1.34	1.34
Rfd_L3	1.58	1.56	1.40	1.22	1.32	1.44	1.47	1.39	1.38	1.43	1.38	1.51	1.26	1.47	1.53	1.38	1.37	1.32	1.55	1.50
Rfd_L4	1.72	1.74	1.55	1.37	1.47	1.57	1.60	1.54	1.48	1.57	1.50	1.69	1.37	1.58	1.69	1.55	1.50	1.47	1.71	1.65
Rfd_L5	1.82	1.87	1.69	1.43	1.56	1.66	1.72	1.62	1.58	1.65	1.59	1.77	1.47	1.69	1.82	1.62	1.61	1.58	1.82	1.72
Rfd_L6	1.93	1.87	1.75	1.47	1.69	1.71	1.76	1.68	1.68	1.71	1.65	1.86	1.55	1.75	1.85	1.70	1.68	1.67	1.90	1.79
Rfd_L7	2.02	2.04	1.90	1.61	1.75	1.84	1.90	1.84	1.74	1.87	1.79	1.99	1.65	1.88	2.01	1.84	1.78	1.82	2.03	1.92
Rfd_L8	2.08	2.10	1.96	1.69	1.88	1.96	2.00	1.94	1.85	2.01	1.91	2.09	1.73	2.00	2.09	1.91	1.89	1.96	2.10	1.98
Rfd_L9	2.24	2.22	2.13	1.82	1.99	2.04	2.11	2.10	1.97	2.15	2.06	2.23	1.87	2.11	2.22	2.04	2.00	2.08	2.22	2.12
Rfd_L10	2.29	2.26	2.25	1.96	2.10	2.12	2.22	2.21	2.06	2.26	2.14	2.33	1.97	2.18	2.32	2.15	2.08	2.17	2.33	2.22
Rfd_L11	2.36	2.35	2.35	2.08	2.18	2.23	2.29	2.32	2.07	2.37	2.28	2.42	2.05	2.29	2.42	2.21	2.13	2.33	2.41	2.29
Rfd_L12	2.43	2.36	2.41	2.14	2.26	2.29	2.34	2.39	2.17	2.45	2.31	2.46	2.14	2.33	2.46	2.27	2.24	2.40	2.47	2.32
Rfd_L13	2.42	2.41	2.48	2.19	2.27	2.34	2.41	2.46	2.19	2.53	2.39	2.50	2.18	2.41	2.56	2.33	2.29	2.48	2.53	2.37
Rfd_L14	2.53	2.44	2.52	2.21	2.35	2.38	2.47	2.55	2.26	2.59	2.46	2.56	2.25	2.45	2.60	2.36	2.38	2.57	2.59	2.47
Rfd_Lss	2.52	2.51	2.61	2.30	2.36	2.50	2.51	2.61	2.31	2.69	2.50	2.64	2.30	2.54	2.69	2.41	2.37	2.65	2.67	2.50
