FluorCam7 Numeric Export File
-----------------------------------
	Area 1	Area 2	Area 3	Area 4	Area 5	Area 6	Area 7	Area 8	Area 9	Area 10	Area 11	Area 12	Area 13	Area 14	Area 15	Area 16	Area 17	Area 18	Area 19	Area 20
Size [pixels]	2454	2370	1141	2165	1360	541	2930	1332	2232	2048	1926	2169	962	2172	1454	1899	839	1051	2493	2208
Size [mm2]	1802.52	1740.82	838.09	1590.24	998.95	397.38	2152.15	978.38	1639.45	1504.30	1414.69	1593.18	706.61	1595.38	1068.00	1394.86	616.26	771.98	1831.16	1621.83
Fo	78.12	86.54	71.52	86.21	81.78	73.79	105.66	99.49	100.31	104.09	100.90	102.36	87.57	105.32	101.00	94.77	81.33	86.14	94.52	94.49
Fm	457.21	466.79	492.49	557.65	539.67	442.79	630.07	617.95	480.48	676.03	645.62	557.12	570.21	597.89	526.75	510.28	437.19	570.59	524.48	572.85
Fv	379.09	380.25	420.97	471.44	457.89	369.00	524.42	518.46	380.17	571.94	544.72	454.77	482.65	492.57	425.75	415.51	355.86	484.44	429.96	478.36
Fp	457.35	447.89	491.78	562.89	545.37	426.34	613.89	625.52	469.98	671.28	644.23	539.91	571.16	578.71	501.19	479.64	422.37	564.38	506.20	551.75
Fm_L1	233.24	239.49	333.60	370.20	372.56	259.11	320.18	405.04	256.95	473.40	438.56	279.48	388.93	313.00	260.10	248.11	223.40	393.26	269.84	279.06
Fm_L2	203.77	212.81	265.75	302.89	295.93	218.92	280.40	330.30	223.94	380.34	352.48	250.99	318.77	272.35	237.35	226.85	199.98	314.77	240.27	247.85
Fm_L3	195.55	203.28	250.82	288.08	277.94	210.88	266.67	313.34	215.88	356.27	330.94	240.93	295.02	258.96	231.78	219.21	191.12	291.59	230.52	236.31
Fm_L4	188.98	197.60	237.41	274.36	263.84	198.75	258.72	301.23	211.04	335.67	314.98	235.30	282.55	249.71	222.23	212.73	185.17	278.16	225.50	231.48
Fm_L5	182.21	197.42	232.11	263.33	255.57	191.36	253.26	289.10	202.89	324.58	305.26	230.05	267.53	244.33	219.66	209.83	179.75	269.89	218.63	224.74
Fm_L6	179.67	193.34	223.10	256.04	251.05	192.79	246.92	277.49	202.62	312.07	294.37	226.05	261.32	239.73	213.36	208.23	179.55	265.82	214.30	220.90
Fm_L7	176.23	191.87	207.60	242.23	240.08	183.06	241.09	265.41	195.10	296.69	279.61	222.62	246.40	235.54	208.66	202.93	176.37	252.60	211.77	215.23
Fm_L8	171.58	187.92	204.23	234.60	229.05	179.43	238.02	257.10	193.38	279.41	268.53	220.59	236.15	232.03	208.28	201.64	170.74	239.44	209.62	212.85
Fm_L9	166.25	183.89	185.22	217.00	212.81	169.80	231.37	239.54	187.39	261.40	251.74	211.10	219.65	225.19	203.00	195.02	165.67	218.08	206.06	207.91
Fm_L10	166.94	178.46	174.87	206.64	205.72	165.72	225.54	230.35	185.70	249.03	239.01	207.14	209.08	218.17	196.48	190.06	164.77	204.85	200.32	203.48
Fm_L11	161.72	177.03	167.44	199.17	195.10	162.15	219.23	219.49	181.67	236.40	228.63	203.60	202.24	210.39	192.19	187.34	163.18	194.49	197.12	200.49
Fm_L12	159.42	174.79	163.09	191.97	187.18	156.86	217.38	215.18	178.56	231.80	221.30	200.97	193.05	209.30	190.44	182.70	158.66	186.94	193.52	195.69
Fm_L13	157.27	173.26	160.35	185.47	184.09	155.89	213.77	207.42	175.03	223.15	214.17	199.86	185.13	204.20	190.36	183.07	157.19	181.40	195.47	194.48
Fm_L14	156.01	171.76	157.47	181.87	178.92	149.43	211.94	204.23	172.97	219.79	208.80	196.25	180.97	202.63	186.09	178.50	153.76	175.92	190.47	191.42
Fm_Lss	155.68	169.12	153.14	177.21	174.46	147.56	208.04	198.58	171.15	214.21	202.74	193.66	179.55	198.21	181.63	176.52	152.76	168.15	188.31	188.47
Fm_D1	183.27	196.32	192.18	218.87	216.05	173.54	249.66	256.57	197.20	260.38	251.55	236.85	226.03	226.48	216.78	209.57	189.46	206.69	233.44	225.66
Fm_D2	216.27	232.35	230.42	259.76	252.44	209.25	295.13	306.83	224.29	308.95	295.44	280.57	266.65	270.00	252.00	248.01	222.75	246.33	276.70	270.00
Fm_D3	269.73	282.12	283.22	320.63	311.36	254.13	369.27	379.60	271.38	385.76	366.10	348.19	334.29	339.83	312.89	308.28	273.43	307.81	339.17	338.21
Fm_D4	330.45	343.51	335.03	377.69	372.00	309.28	448.78	434.84	332.07	469.75	438.13	412.60	394.05	425.45	374.29	370.35	321.02	375.49	396.07	415.79
Ft_L1	216.84	220.57	323.66	358.61	355.54	245.12	305.18	389.38	238.62	457.98	423.37	261.35	372.99	297.45	246.07	233.51	207.38	381.95	257.55	264.50
Ft_L2	184.04	195.35	250.13	283.57	274.38	203.98	257.22	308.52	204.24	352.28	328.07	230.22	293.31	251.68	219.81	211.06	182.38	292.35	222.92	228.39
Ft_L3	173.50	185.45	229.24	265.90	253.95	188.88	242.05	289.90	195.62	327.66	304.23	220.01	272.04	236.70	208.12	199.83	172.86	272.36	210.24	214.69
Ft_L4	165.77	178.53	216.46	250.08	237.69	179.98	231.14	272.24	187.99	305.15	286.98	211.00	254.82	225.12	200.97	193.81	166.14	254.68	200.91	205.82
Ft_L5	161.16	173.80	207.70	237.88	229.15	171.74	225.05	260.45	182.52	290.64	275.70	203.42	243.48	218.54	196.86	185.97	161.26	246.06	194.96	198.55
Ft_L6	156.59	170.89	200.38	230.35	222.01	167.61	219.10	251.62	178.48	279.05	266.12	200.10	236.15	213.24	191.95	183.93	158.46	237.34	188.56	195.51
Ft_L7	151.83	167.50	187.98	216.62	209.34	161.06	213.64	237.22	173.04	263.67	249.82	193.58	219.83	208.25	187.35	177.11	154.87	226.89	183.10	189.31
Ft_L8	149.59	162.29	175.43	205.57	199.23	154.91	207.27	225.99	169.93	247.83	237.58	188.51	211.69	202.86	182.14	173.53	150.72	213.81	178.54	185.42
Ft_L9	142.22	157.22	162.61	191.44	183.29	149.11	198.96	211.08	163.13	228.26	218.64	182.06	193.35	193.33	175.69	167.77	144.98	191.15	171.48	178.99
Ft_L10	139.00	154.24	154.22	181.49	173.74	142.57	193.62	199.47	159.98	215.00	206.63	175.44	184.79	187.09	172.22	162.06	142.49	179.11	168.68	173.90
Ft_L11	134.50	150.19	149.04	174.51	165.58	138.46	189.00	192.31	155.88	205.35	199.03	172.76	174.97	182.17	168.73	161.30	138.40	171.40	165.58	170.90
Ft_L12	131.56	148.26	141.41	168.40	159.09	135.53	184.05	187.07	152.68	198.68	189.70	170.09	169.71	178.17	162.91	158.15	133.84	161.95	161.23	166.45
Ft_L13	129.78	144.47	138.53	162.25	155.05	129.88	180.84	179.83	150.23	192.08	184.54	166.63	164.16	173.83	162.58	153.73	133.32	156.62	158.30	164.61
Ft_L14	129.72	142.02	135.29	157.99	152.49	127.88	178.55	177.07	149.33	187.66	178.38	165.36	159.27	171.98	160.13	152.84	132.50	151.44	157.11	162.36
Ft_Lss	127.10	140.45	133.31	155.76	148.57	125.06	176.45	174.52	145.57	182.24	174.81	162.90	155.52	168.89	157.82	150.53	128.78	146.62	154.40	161.06
Ft_D1	68.85	79.96	66.80	82.43	75.97	68.22	92.58	98.17	83.94	98.53	92.36	89.76	82.93	91.17	89.01	79.29	71.38	75.37	85.11	81.20
Ft_D2	69.44	80.18	67.04	82.78	76.00	68.20	91.88	96.73	86.59	98.70	91.71	90.08	83.86	90.71	89.14	79.35	74.38	77.34	86.12	81.68
Ft_D3	73.82	85.57	70.72	87.85	79.86	73.90	99.25	102.39	90.72	104.39	96.76	97.61	85.81	98.74	96.30	87.75	77.48	82.17	91.87	89.38
Ft_D4	78.04	87.93	73.59	84.69	82.01	78.13	103.33	101.35	96.90	108.19	99.96	98.52	92.62	104.27	99.18	88.49	74.94	84.65	91.11	94.66
Fo_L1	67.11	73.59	66.89	79.95	76.57	65.99	90.90	91.73	84.89	97.65	93.96	86.56	81.72	90.77	84.41	79.22	69.04	80.65	80.78	80.51
Fo_L2	64.43	70.86	63.63	76.29	72.70	63.05	87.38	87.26	80.95	92.96	89.29	83.62	78.11	87.00	81.86	76.92	66.63	76.73	77.91	77.69
Fo_L3	63.58	69.77	62.74	75.31	71.57	62.36	86.00	86.03	79.87	91.45	87.84	82.47	76.60	85.59	81.19	76.02	65.61	75.27	76.86	76.52
Fo_L4	62.87	69.09	61.86	74.34	70.59	61.26	85.16	85.09	79.20	90.03	86.68	81.80	75.73	84.55	79.98	75.23	64.90	74.34	76.29	76.00
Fo_L5	62.11	69.07	61.50	73.51	69.99	60.54	84.56	84.09	78.02	89.22	85.92	81.16	74.60	83.93	79.65	74.86	64.22	73.74	75.49	75.26
Fo_L6	61.81	68.56	60.85	72.93	69.64	60.68	83.84	83.08	77.98	88.24	85.04	80.65	74.11	83.38	78.80	74.66	64.19	73.43	74.96	74.83
Fo_L7	61.40	68.38	59.63	71.76	68.77	59.68	83.16	81.96	76.84	86.97	83.76	80.21	72.86	82.86	78.15	73.97	63.78	72.39	74.65	74.17
Fo_L8	60.82	67.87	59.35	71.08	67.84	59.29	82.79	81.15	76.57	85.42	82.74	79.95	71.94	82.43	78.10	73.79	63.03	71.26	74.38	73.88
Fo_L9	60.14	67.33	57.63	69.37	66.34	58.20	81.97	79.32	75.62	83.66	81.07	78.67	70.33	81.55	77.35	72.89	62.33	69.24	73.93	73.28
Fo_L10	60.23	66.59	56.59	68.28	65.63	57.71	81.23	78.28	75.34	82.35	79.70	78.11	69.21	80.61	76.38	72.18	62.20	67.85	73.18	72.72
Fo_L11	59.54	66.39	55.79	67.44	64.51	57.27	80.39	76.99	74.67	80.92	78.52	77.60	68.44	79.52	75.72	71.79	61.97	66.68	72.75	72.33
Fo_L12	59.22	66.07	55.30	66.60	63.62	56.60	80.14	76.45	74.14	80.37	77.63	77.22	67.36	79.36	75.45	71.10	61.31	65.77	72.25	71.70
Fo_L13	58.92	65.86	54.98	65.80	63.26	56.47	79.65	75.45	73.52	79.31	76.74	77.05	66.37	78.62	75.44	71.15	61.08	65.07	72.52	71.54
Fo_L14	58.74	65.64	54.64	65.34	62.64	55.60	79.39	75.02	73.16	78.88	76.04	76.51	65.82	78.39	74.76	70.45	60.56	64.35	71.82	71.12
Fo_Lss	58.70	65.25	54.11	64.73	62.08	55.34	78.84	74.25	72.83	78.15	75.22	76.11	65.64	77.72	74.03	70.14	60.41	63.28	71.51	70.71
Fo_D1	62.23	68.93	58.29	69.56	66.65	58.63	84.15	81.10	77.17	83.55	81.05	81.99	70.97	81.72	79.27	74.83	65.41	68.05	77.18	75.37
Fo_D2	65.63	72.90	61.38	73.23	69.75	62.22	88.76	85.53	80.99	87.99	85.13	86.66	74.54	86.76	83.54	79.21	68.97	71.86	81.38	79.74
Fo_D3	69.83	77.17	64.59	77.37	73.60	65.67	94.47	90.36	86.41	93.28	90.14	92.19	79.00	92.89	89.30	84.49	73.17	76.31	86.04	84.79
Fo_D4	73.32	81.14	66.95	80.29	76.55	68.84	98.95	93.17	91.75	97.50	93.94	96.17	81.94	98.30	93.68	88.56	76.20	79.88	89.30	88.95
Fv_L1	166.13	165.90	266.71	290.25	295.99	193.12	229.28	313.31	172.06	375.75	344.60	192.92	307.21	222.24	175.70	168.89	154.36	312.60	189.06	198.55
Fv_L2	139.34	141.95	202.11	226.60	223.23	155.87	193.02	243.04	142.99	287.38	263.19	167.37	240.67	185.35	155.49	149.93	133.36	238.04	162.36	170.16
Fv_L3	131.96	133.51	188.08	212.76	206.38	148.52	180.67	227.32	136.01	264.82	243.09	158.46	218.42	173.37	150.59	143.19	125.51	216.32	153.67	159.79
Fv_L4	126.11	128.51	175.54	200.02	193.25	137.50	173.56	216.14	131.84	245.64	228.30	153.50	206.82	165.16	142.24	137.50	120.28	203.82	149.21	155.48
Fv_L5	120.10	128.36	170.61	189.82	185.58	130.83	168.70	205.01	124.87	235.37	219.33	148.89	192.92	160.41	140.01	134.97	115.53	196.15	143.15	149.48
Fv_L6	117.86	124.77	162.25	183.12	181.40	132.12	163.08	194.41	124.64	223.82	209.33	145.40	187.21	156.35	134.55	133.57	115.36	192.39	139.34	146.07
Fv_L7	114.84	123.50	147.97	170.47	171.31	123.38	157.94	183.45	118.25	209.72	195.85	142.41	173.53	152.67	130.50	128.97	112.59	180.21	137.12	141.06
Fv_L8	110.76	120.05	144.88	163.52	161.22	120.14	155.23	175.95	116.80	193.99	185.79	140.64	164.21	149.61	130.18	127.85	107.71	168.18	135.24	138.97
Fv_L9	106.11	116.56	127.58	147.63	146.47	111.61	149.40	160.22	111.77	177.75	170.66	132.44	149.32	143.64	125.65	122.13	103.35	148.83	132.13	134.63
Fv_L10	106.71	111.87	118.28	138.36	140.09	108.01	144.31	152.07	110.36	166.68	159.30	129.03	139.87	137.57	120.09	117.88	102.57	137.00	127.14	130.76
Fv_L11	102.19	110.64	111.65	131.73	130.59	104.88	138.83	142.50	107.00	155.48	150.12	126.00	133.80	130.87	116.46	115.55	101.21	127.81	124.38	128.16
Fv_L12	100.20	108.71	107.79	125.38	123.56	100.26	137.24	138.73	104.42	151.42	143.67	123.76	125.69	129.94	114.99	111.60	97.35	121.17	121.27	123.99
Fv_L13	98.35	107.41	105.37	119.67	120.83	99.42	134.12	131.97	101.51	143.84	137.43	122.81	118.76	125.58	114.92	111.92	96.10	116.33	122.95	122.95
Fv_L14	97.27	106.12	102.84	116.53	116.28	93.83	132.55	129.20	99.81	140.91	132.76	119.75	115.14	124.24	111.33	108.05	93.20	111.57	118.65	120.30
Fv_Lss	96.98	103.87	99.04	112.48	112.38	92.22	129.21	124.33	98.32	136.06	127.52	117.55	113.91	120.49	107.60	106.38	92.36	104.87	116.80	117.77
Fv_D1	121.04	127.39	133.89	149.30	149.40	114.91	165.51	175.47	120.03	176.83	170.49	154.86	155.06	144.77	137.51	134.74	124.04	138.63	156.26	150.29
Fv_D2	150.64	159.45	169.04	186.53	182.69	147.03	206.37	221.30	143.29	220.95	210.32	193.90	192.12	183.24	168.46	168.79	153.77	174.47	195.32	190.26
Fv_D3	199.90	204.95	218.63	243.26	237.76	188.46	274.80	289.25	184.97	292.47	275.96	256.00	255.28	246.93	223.60	223.79	200.26	231.50	253.13	253.42
Fv_D4	257.13	262.37	268.08	297.39	295.45	240.45	349.83	341.67	240.32	372.25	344.19	316.44	312.11	327.15	280.61	281.79	244.83	295.61	306.77	326.84
Fq_L1	16.40	18.92	9.94	11.59	17.03	13.99	15.00	15.66	18.32	15.42	15.19	18.13	15.94	15.55	14.03	14.61	16.02	11.30	12.29	14.56
Fq_L2	19.73	17.46	15.62	19.33	21.55	14.94	23.18	21.78	19.70	28.06	24.41	20.77	25.46	20.68	17.54	15.79	17.60	22.42	17.35	19.46
Fq_L3	22.04	17.83	21.58	22.18	24.00	22.00	24.62	23.45	20.26	28.61	26.71	20.92	22.98	22.25	23.65	19.37	18.26	19.23	20.29	21.62
Fq_L4	23.21	19.07	20.95	24.28	26.15	18.78	27.58	28.99	23.05	30.53	28.00	24.29	27.73	24.59	21.25	18.92	19.04	23.48	24.59	25.66
Fq_L5	21.05	23.62	24.41	25.44	26.42	19.63	28.21	28.65	20.37	33.95	29.56	26.63	24.04	25.79	22.80	23.87	18.50	23.83	23.67	26.19
Fq_L6	23.07	22.44	22.72	25.69	29.03	25.18	27.82	25.87	24.14	33.02	28.25	25.95	25.17	26.49	21.41	24.30	21.09	28.48	25.74	25.39
Fq_L7	24.40	24.38	19.63	25.61	30.74	22.00	27.46	28.19	22.05	33.02	29.79	29.04	26.57	27.28	21.31	25.83	21.50	25.70	28.67	25.92
Fq_L8	21.99	25.63	28.80	29.03	29.82	24.52	30.75	31.11	23.45	31.59	30.95	32.08	24.46	29.17	26.14	28.11	20.02	25.63	31.08	27.44
Fq_L9	24.03	26.68	22.60	25.56	29.51	20.69	32.41	28.46	24.26	33.14	33.10	29.04	26.30	31.85	27.31	27.25	20.69	26.93	34.58	28.92
Fq_L10	27.94	24.22	20.65	25.15	31.99	23.15	31.92	30.88	25.72	34.02	32.37	31.70	24.29	31.08	24.25	28.00	22.29	25.74	31.63	29.58
Fq_L11	27.22	26.83	18.40	24.66	29.52	23.68	30.23	27.18	25.79	31.05	29.60	30.83	27.27	28.21	23.46	26.04	24.78	23.09	31.54	29.59
Fq_L12	27.86	26.53	21.68	23.57	28.09	21.33	33.33	28.11	25.88	33.12	31.60	30.88	23.34	31.14	27.53	24.55	24.82	24.99	32.28	29.23
Fq_L13	27.49	28.79	21.82	23.22	29.05	26.01	32.93	27.59	24.81	31.07	29.62	33.23	20.97	30.37	27.78	29.33	23.86	24.78	37.17	29.87
Fq_L14	26.29	29.73	22.18	23.88	26.43	21.55	33.39	27.16	23.64	32.13	30.42	30.89	21.69	30.65	25.95	25.66	21.26	24.48	33.36	29.06
Fq_Lss	28.57	28.67	19.83	21.45	25.90	22.49	31.59	24.05	25.58	31.97	27.92	30.76	24.03	29.32	23.80	25.99	23.98	21.53	33.91	27.42
Fq_D1	114.42	116.36	125.37	136.43	140.08	105.31	157.08	158.39	113.26	161.86	159.18	147.10	143.09	135.31	127.76	130.28	118.08	131.32	148.32	144.46
Fq_D2	146.83	152.17	163.38	176.98	176.44	141.05	203.26	210.10	137.69	210.24	203.74	190.48	182.79	179.29	162.86	168.65	148.37	168.99	190.58	188.32
Fq_D3	195.91	196.55	212.49	232.78	231.49	180.23	270.02	277.21	180.66	281.36	269.34	250.58	248.48	241.09	216.59	220.53	195.95	225.64	247.30	248.83
Fq_D4	252.40	255.58	261.44	293.00	290.00	231.16	345.45	333.50	235.17	361.56	338.16	314.09	301.43	321.19	275.11	281.86	246.09	290.84	304.96	321.13
QY_max	0.83	0.81	0.85	0.85	0.85	0.83	0.83	0.84	0.79	0.85	0.84	0.82	0.85	0.82	0.81	0.81	0.81	0.85	0.82	0.84
Fv/Fm_L1	0.71	0.69	0.80	0.78	0.79	0.75	0.72	0.77	0.67	0.79	0.79	0.69	0.79	0.71	0.68	0.68	0.69	0.79	0.70	0.71
Fv/Fm_L2	0.68	0.67	0.76	0.75	0.75	0.71	0.69	0.74	0.64	0.76	0.75	0.67	0.75	0.68	0.66	0.66	0.67	0.76	0.68	0.69
Fv/Fm_L3	0.67	0.66	0.75	0.74	0.74	0.70	0.68	0.73	0.63	0.74	0.73	0.66	0.74	0.67	0.65	0.65	0.66	0.74	0.67	0.68
Fv/Fm_L4	0.67	0.65	0.74	0.73	0.73	0.69	0.67	0.72	0.62	0.73	0.72	0.65	0.73	0.66	0.64	0.65	0.65	0.73	0.66	0.67
Fv/Fm_L5	0.66	0.65	0.74	0.72	0.73	0.68	0.67	0.71	0.62	0.73	0.72	0.65	0.72	0.66	0.64	0.64	0.64	0.73	0.65	0.67
Fv/Fm_L6	0.66	0.65	0.73	0.72	0.72	0.69	0.66	0.70	0.62	0.72	0.71	0.64	0.72	0.65	0.63	0.64	0.64	0.72	0.65	0.66
Fv/Fm_L7	0.65	0.64	0.71	0.70	0.71	0.67	0.66	0.69	0.61	0.71	0.70	0.64	0.70	0.65	0.63	0.64	0.64	0.71	0.65	0.66
Fv/Fm_L8	0.65	0.64	0.71	0.70	0.70	0.67	0.65	0.68	0.60	0.69	0.69	0.64	0.70	0.64	0.63	0.63	0.63	0.70	0.65	0.65
Fv/Fm_L9	0.64	0.63	0.69	0.68	0.69	0.66	0.65	0.67	0.60	0.68	0.68	0.63	0.68	0.64	0.62	0.63	0.62	0.68	0.64	0.65
Fv/Fm_L10	0.64	0.63	0.68	0.67	0.68	0.65	0.64	0.66	0.59	0.67	0.67	0.62	0.67	0.63	0.61	0.62	0.62	0.67	0.63	0.64
Fv/Fm_L11	0.63	0.62	0.67	0.66	0.67	0.65	0.63	0.65	0.59	0.66	0.66	0.62	0.66	0.62	0.61	0.62	0.62	0.66	0.63	0.64
Fv/Fm_L12	0.63	0.62	0.66	0.65	0.66	0.64	0.63	0.64	0.58	0.65	0.65	0.62	0.65	0.62	0.60	0.61	0.61	0.65	0.63	0.63
Fv/Fm_L13	0.63	0.62	0.66	0.65	0.66	0.64	0.63	0.64	0.58	0.64	0.64	0.61	0.64	0.61	0.60	0.61	0.61	0.64	0.63	0.63
Fv/Fm_L14	0.62	0.62	0.65	0.64	0.65	0.63	0.63	0.63	0.58	0.64	0.64	0.61	0.64	0.61	0.60	0.61	0.61	0.63	0.62	0.63
Fv/Fm_Lss	0.62	0.61	0.65	0.63	0.64	0.62	0.62	0.63	0.57	0.64	0.63	0.61	0.63	0.61	0.59	0.60	0.60	0.62	0.62	0.62
Fv/Fm_D1	0.66	0.65	0.70	0.68	0.69	0.66	0.66	0.68	0.61	0.68	0.68	0.65	0.69	0.64	0.63	0.64	0.65	0.67	0.67	0.67
Fv/Fm_D2	0.70	0.69	0.73	0.72	0.72	0.70	0.70	0.72	0.64	0.72	0.71	0.69	0.72	0.68	0.67	0.68	0.69	0.71	0.71	0.70
Fv/Fm_D3	0.74	0.73	0.77	0.76	0.76	0.74	0.74	0.76	0.68	0.76	0.75	0.74	0.76	0.73	0.71	0.73	0.73	0.75	0.75	0.75
Fv/Fm_D4	0.78	0.76	0.80	0.79	0.79	0.78	0.78	0.79	0.72	0.79	0.79	0.77	0.79	0.77	0.75	0.76	0.76	0.79	0.77	0.79
QY_L1	0.07	0.08	0.03	0.03	0.05	0.05	0.05	0.04	0.07	0.03	0.03	0.06	0.04	0.05	0.05	0.06	0.07	0.03	0.05	0.05
QY_L2	0.10	0.08	0.06	0.06	0.07	0.07	0.08	0.07	0.09	0.07	0.07	0.08	0.08	0.08	0.07	0.07	0.09	0.07	0.07	0.08
QY_L3	0.11	0.09	0.09	0.08	0.09	0.10	0.09	0.07	0.09	0.08	0.08	0.09	0.08	0.09	0.10	0.09	0.10	0.07	0.09	0.09
QY_L4	0.12	0.10	0.09	0.09	0.10	0.09	0.11	0.10	0.11	0.09	0.09	0.10	0.10	0.10	0.10	0.09	0.10	0.08	0.11	0.11
QY_L5	0.12	0.12	0.11	0.10	0.10	0.10	0.11	0.10	0.10	0.10	0.10	0.12	0.09	0.11	0.10	0.11	0.10	0.09	0.11	0.12
QY_L6	0.13	0.12	0.10	0.10	0.12	0.13	0.11	0.09	0.12	0.11	0.10	0.11	0.10	0.11	0.10	0.12	0.12	0.11	0.12	0.11
QY_L7	0.14	0.13	0.09	0.11	0.13	0.12	0.11	0.11	0.11	0.11	0.11	0.13	0.11	0.12	0.10	0.13	0.12	0.10	0.14	0.12
QY_L8	0.13	0.14	0.14	0.12	0.13	0.14	0.13	0.12	0.12	0.11	0.12	0.15	0.10	0.13	0.13	0.14	0.12	0.11	0.15	0.13
QY_L9	0.14	0.15	0.12	0.12	0.14	0.12	0.14	0.12	0.13	0.13	0.13	0.14	0.12	0.14	0.13	0.14	0.12	0.12	0.17	0.14
QY_L10	0.17	0.14	0.12	0.12	0.16	0.14	0.14	0.13	0.14	0.14	0.14	0.15	0.12	0.14	0.12	0.15	0.14	0.13	0.16	0.15
QY_L11	0.17	0.15	0.11	0.12	0.15	0.15	0.14	0.12	0.14	0.13	0.13	0.15	0.13	0.13	0.12	0.14	0.15	0.12	0.16	0.15
QY_L12	0.17	0.15	0.13	0.12	0.15	0.14	0.15	0.13	0.14	0.14	0.14	0.15	0.12	0.15	0.14	0.13	0.16	0.13	0.17	0.15
QY_L13	0.17	0.17	0.14	0.13	0.16	0.17	0.15	0.13	0.14	0.14	0.14	0.17	0.11	0.15	0.15	0.16	0.15	0.14	0.19	0.15
QY_L14	0.17	0.17	0.14	0.13	0.15	0.14	0.16	0.13	0.14	0.15	0.15	0.16	0.12	0.15	0.14	0.14	0.14	0.14	0.18	0.15
QY_Lss	0.18	0.17	0.13	0.12	0.15	0.15	0.15	0.12	0.15	0.15	0.14	0.16	0.13	0.15	0.13	0.15	0.16	0.13	0.18	0.15
QY_D1	0.62	0.59	0.65	0.62	0.65	0.61	0.63	0.62	0.57	0.62	0.63	0.62	0.63	0.60	0.59	0.62	0.62	0.64	0.64	0.64
QY_D2	0.68	0.65	0.71	0.68	0.70	0.67	0.69	0.68	0.61	0.68	0.69	0.68	0.69	0.66	0.65	0.68	0.67	0.69	0.69	0.70
QY_D3	0.73	0.70	0.75	0.73	0.74	0.71	0.73	0.73	0.67	0.73	0.74	0.72	0.74	0.71	0.69	0.72	0.72	0.73	0.73	0.74
QY_D4	0.76	0.74	0.78	0.78	0.78	0.75	0.77	0.77	0.71	0.77	0.77	0.76	0.76	0.75	0.74	0.76	0.77	0.77	0.77	0.77
NPQ_L1	0.96	0.95	0.48	0.51	0.45	0.71	0.97	0.53	0.87	0.43	0.47	0.99	0.47	0.91	1.03	1.06	0.96	0.45	0.94	1.05
NPQ_L2	1.24	1.19	0.85	0.84	0.82	1.02	1.25	0.87	1.15	0.78	0.83	1.22	0.79	1.20	1.22	1.25	1.19	0.81	1.18	1.31
NPQ_L3	1.34	1.30	0.96	0.94	0.94	1.10	1.36	0.97	1.23	0.90	0.95	1.31	0.93	1.31	1.27	1.33	1.29	0.96	1.28	1.42
NPQ_L4	1.42	1.36	1.07	1.03	1.05	1.23	1.44	1.05	1.28	1.01	1.05	1.37	1.02	1.39	1.37	1.40	1.36	1.05	1.33	1.47
NPQ_L5	1.51	1.36	1.12	1.12	1.11	1.31	1.49	1.14	1.37	1.08	1.11	1.42	1.13	1.45	1.40	1.43	1.43	1.11	1.40	1.55
NPQ_L6	1.54	1.41	1.21	1.18	1.15	1.30	1.55	1.23	1.37	1.17	1.19	1.46	1.18	1.49	1.47	1.45	1.43	1.15	1.45	1.59
NPQ_L7	1.59	1.43	1.37	1.30	1.25	1.42	1.61	1.33	1.46	1.28	1.31	1.50	1.31	1.54	1.52	1.51	1.48	1.26	1.48	1.66
NPQ_L8	1.66	1.48	1.41	1.38	1.36	1.47	1.65	1.40	1.48	1.42	1.40	1.53	1.41	1.58	1.53	1.53	1.56	1.38	1.50	1.69
NPQ_L9	1.75	1.54	1.66	1.57	1.54	1.61	1.72	1.58	1.56	1.59	1.56	1.64	1.60	1.66	1.59	1.62	1.64	1.62	1.55	1.76
NPQ_L10	1.74	1.62	1.82	1.70	1.62	1.67	1.79	1.68	1.59	1.71	1.70	1.69	1.73	1.74	1.68	1.68	1.65	1.79	1.62	1.82
NPQ_L11	1.83	1.64	1.94	1.80	1.77	1.73	1.87	1.82	1.64	1.86	1.82	1.74	1.82	1.84	1.74	1.72	1.68	1.93	1.66	1.86
NPQ_L12	1.87	1.67	2.02	1.90	1.88	1.82	1.90	1.87	1.69	1.92	1.92	1.77	1.95	1.86	1.77	1.79	1.76	2.05	1.71	1.93
NPQ_L13	1.91	1.69	2.07	2.01	1.93	1.84	1.95	1.98	1.75	2.03	2.01	1.79	2.08	1.93	1.77	1.79	1.78	2.15	1.68	1.95
NPQ_L14	1.93	1.72	2.13	2.07	2.02	1.96	1.97	2.03	1.78	2.08	2.09	1.84	2.15	1.95	1.83	1.86	1.84	2.24	1.75	1.99
NPQ_Lss	1.94	1.76	2.22	2.15	2.09	2.00	2.03	2.11	1.81	2.16	2.18	1.88	2.18	2.02	1.90	1.89	1.86	2.39	1.79	2.04
NPQ_D1	1.49	1.38	1.56	1.55	1.50	1.55	1.52	1.41	1.44	1.60	1.57	1.35	1.52	1.64	1.43	1.43	1.31	1.76	1.25	1.54
NPQ_D2	1.11	1.01	1.14	1.15	1.14	1.12	1.13	1.01	1.14	1.19	1.19	0.99	1.14	1.21	1.09	1.06	0.96	1.32	0.90	1.12
NPQ_D3	0.70	0.65	0.74	0.74	0.73	0.74	0.71	0.63	0.77	0.75	0.76	0.60	0.71	0.76	0.68	0.66	0.60	0.85	0.55	0.69
NPQ_D4	0.38	0.36	0.47	0.48	0.45	0.43	0.40	0.42	0.45	0.44	0.47	0.35	0.45	0.41	0.41	0.38	0.36	0.52	0.32	0.38
qN_L1	0.57	0.58	0.37	0.39	0.36	0.49	0.57	0.40	0.57	0.35	0.38	0.59	0.37	0.56	0.60	0.61	0.58	0.36	0.57	0.60
qN_L2	0.65	0.64	0.53	0.53	0.52	0.59	0.64	0.54	0.64	0.51	0.53	0.65	0.51	0.64	0.65	0.65	0.64	0.52	0.64	0.66
qN_L3	0.66	0.66	0.56	0.56	0.56	0.61	0.67	0.57	0.66	0.55	0.56	0.67	0.56	0.66	0.66	0.67	0.66	0.56	0.66	0.68
qN_L4	0.68	0.68	0.59	0.59	0.59	0.64	0.68	0.59	0.67	0.58	0.59	0.68	0.58	0.68	0.68	0.68	0.68	0.59	0.67	0.69
qN_L5	0.70	0.68	0.60	0.61	0.60	0.66	0.69	0.62	0.69	0.60	0.61	0.69	0.61	0.69	0.69	0.69	0.69	0.61	0.68	0.70
qN_L6	0.70	0.69	0.62	0.62	0.61	0.65	0.70	0.64	0.69	0.62	0.63	0.69	0.62	0.70	0.70	0.69	0.69	0.61	0.69	0.71
qN_L7	0.71	0.69	0.66	0.65	0.64	0.68	0.71	0.66	0.71	0.64	0.65	0.70	0.65	0.70	0.71	0.70	0.70	0.64	0.70	0.72
qN_L8	0.72	0.70	0.67	0.66	0.66	0.69	0.72	0.67	0.71	0.67	0.67	0.71	0.67	0.71	0.71	0.71	0.71	0.66	0.70	0.72
qN_L9	0.73	0.71	0.71	0.70	0.69	0.71	0.73	0.70	0.72	0.70	0.70	0.72	0.70	0.72	0.72	0.72	0.72	0.70	0.71	0.73
qN_L10	0.73	0.72	0.73	0.72	0.70	0.72	0.74	0.72	0.73	0.72	0.72	0.73	0.72	0.73	0.73	0.73	0.73	0.73	0.72	0.74
qN_L11	0.74	0.72	0.74	0.73	0.73	0.73	0.75	0.74	0.74	0.74	0.74	0.74	0.73	0.75	0.74	0.74	0.73	0.75	0.72	0.74
qN_L12	0.75	0.73	0.75	0.74	0.74	0.74	0.75	0.74	0.74	0.75	0.75	0.74	0.75	0.75	0.75	0.75	0.74	0.76	0.73	0.75
qN_L13	0.75	0.73	0.76	0.76	0.75	0.74	0.76	0.76	0.75	0.76	0.76	0.74	0.76	0.76	0.75	0.75	0.74	0.77	0.73	0.75
qN_L14	0.76	0.74	0.77	0.76	0.76	0.76	0.76	0.76	0.75	0.76	0.77	0.75	0.77	0.76	0.75	0.75	0.75	0.78	0.74	0.76
qN_Lss	0.76	0.74	0.77	0.77	0.76	0.76	0.77	0.77	0.76	0.77	0.78	0.76	0.77	0.77	0.76	0.76	0.75	0.79	0.74	0.77
qN_D1	0.69	0.68	0.69	0.69	0.68	0.70	0.70	0.67	0.70	0.70	0.70	0.67	0.69	0.72	0.69	0.69	0.67	0.72	0.65	0.70
qN_D2	0.62	0.60	0.61	0.61	0.61	0.61	0.62	0.58	0.64	0.62	0.62	0.59	0.61	0.64	0.62	0.61	0.58	0.65	0.56	0.61
qN_D3	0.48	0.47	0.49	0.49	0.49	0.50	0.49	0.45	0.53	0.50	0.50	0.45	0.48	0.51	0.49	0.47	0.45	0.53	0.42	0.48
qN_D4	0.33	0.32	0.37	0.38	0.36	0.36	0.34	0.35	0.38	0.36	0.38	0.31	0.36	0.35	0.35	0.33	0.32	0.40	0.30	0.32
qP_L1	0.10	0.11	0.04	0.04	0.06	0.07	0.07	0.05	0.11	0.04	0.04	0.09	0.05	0.07	0.08	0.09	0.10	0.04	0.07	0.07
qP_L2	0.14	0.12	0.08	0.09	0.10	0.10	0.12	0.09	0.14	0.10	0.09	0.12	0.11	0.11	0.11	0.11	0.13	0.09	0.11	0.11
qP_L3	0.17	0.13	0.11	0.10	0.12	0.15	0.14	0.10	0.15	0.11	0.11	0.13	0.11	0.13	0.16	0.14	0.15	0.09	0.13	0.14
qP_L4	0.18	0.15	0.12	0.12	0.14	0.14	0.16	0.13	0.17	0.12	0.12	0.16	0.13	0.15	0.15	0.14	0.16	0.12	0.16	0.17
qP_L5	0.18	0.18	0.14	0.13	0.14	0.15	0.17	0.14	0.16	0.14	0.13	0.18	0.12	0.16	0.16	0.18	0.16	0.12	0.17	0.18
qP_L6	0.20	0.18	0.14	0.14	0.16	0.19	0.17	0.13	0.19	0.15	0.13	0.18	0.13	0.17	0.16	0.18	0.18	0.15	0.18	0.17
qP_L7	0.21	0.20	0.13	0.15	0.18	0.18	0.17	0.15	0.19	0.16	0.15	0.20	0.15	0.18	0.16	0.20	0.19	0.14	0.21	0.18
qP_L8	0.20	0.21	0.20	0.18	0.18	0.20	0.20	0.18	0.20	0.16	0.17	0.23	0.15	0.19	0.20	0.22	0.19	0.15	0.23	0.20
qP_L9	0.23	0.23	0.18	0.17	0.20	0.19	0.22	0.18	0.22	0.19	0.19	0.22	0.18	0.22	0.22	0.22	0.20	0.18	0.26	0.21
qP_L10	0.26	0.22	0.17	0.18	0.23	0.21	0.22	0.20	0.23	0.20	0.20	0.25	0.17	0.23	0.20	0.24	0.22	0.19	0.25	0.23
qP_L11	0.27	0.24	0.16	0.19	0.23	0.23	0.22	0.19	0.24	0.20	0.20	0.24	0.20	0.22	0.20	0.23	0.24	0.18	0.25	0.23
qP_L12	0.28	0.24	0.20	0.19	0.23	0.21	0.24	0.20	0.25	0.22	0.22	0.25	0.19	0.24	0.24	0.22	0.25	0.21	0.27	0.24
qP_L13	0.28	0.27	0.21	0.19	0.24	0.26	0.25	0.21	0.24	0.22	0.22	0.27	0.18	0.24	0.24	0.26	0.25	0.21	0.30	0.24
qP_L14	0.27	0.28	0.22	0.20	0.23	0.23	0.25	0.21	0.24	0.23	0.23	0.26	0.19	0.25	0.23	0.24	0.23	0.22	0.28	0.24
qP_Lss	0.29	0.28	0.20	0.19	0.23	0.24	0.24	0.19	0.26	0.23	0.22	0.26	0.21	0.24	0.22	0.24	0.26	0.21	0.29	0.23
qP_D1	0.95	0.91	0.94	0.91	0.94	0.92	0.95	0.90	0.94	0.92	0.93	0.95	0.92	0.93	0.93	0.97	0.95	0.95	0.95	0.96
qP_D2	0.97	0.95	0.97	0.95	0.97	0.96	0.98	0.95	0.96	0.95	0.97	0.98	0.95	0.98	0.97	1.00	0.96	0.97	0.98	0.99
qP_D3	0.98	0.96	0.97	0.96	0.97	0.96	0.98	0.96	0.98	0.96	0.98	0.98	0.97	0.98	0.97	0.99	0.98	0.97	0.98	0.98
qP_D4	0.98	0.97	0.98	0.99	0.98	0.96	0.99	0.98	0.98	0.97	0.98	0.99	0.97	0.98	0.98	1.00	1.01	0.98	0.99	0.98
qL_L1	0.32	0.34	0.18	0.18	0.27	0.27	0.22	0.21	0.30	0.19	0.20	0.28	0.24	0.23	0.23	0.25	0.31	0.17	0.21	0.24
qL_L2	0.40	0.34	0.30	0.32	0.36	0.31	0.35	0.32	0.35	0.37	0.34	0.34	0.40	0.32	0.30	0.29	0.36	0.36	0.31	0.34
qL_L3	0.46	0.35	0.42	0.37	0.41	0.45	0.38	0.35	0.36	0.39	0.38	0.35	0.37	0.35	0.40	0.36	0.38	0.32	0.36	0.38
qL_L4	0.49	0.38	0.42	0.41	0.46	0.40	0.43	0.43	0.41	0.42	0.41	0.41	0.45	0.40	0.38	0.35	0.41	0.39	0.43	0.45
qL_L5	0.45	0.46	0.48	0.43	0.47	0.43	0.45	0.43	0.38	0.47	0.43	0.45	0.41	0.42	0.40	0.44	0.40	0.41	0.43	0.46
qL_L6	0.50	0.45	0.46	0.44	0.51	0.53	0.45	0.40	0.44	0.47	0.42	0.44	0.43	0.43	0.39	0.45	0.45	0.48	0.46	0.45
qL_L7	0.53	0.48	0.42	0.45	0.55	0.48	0.45	0.44	0.42	0.48	0.45	0.49	0.46	0.45	0.39	0.48	0.46	0.45	0.51	0.47
qL_L8	0.49	0.51	0.59	0.51	0.54	0.53	0.50	0.49	0.45	0.47	0.48	0.54	0.44	0.48	0.47	0.52	0.44	0.46	0.55	0.50
qL_L9	0.54	0.53	0.50	0.48	0.56	0.48	0.53	0.47	0.47	0.51	0.52	0.51	0.48	0.53	0.49	0.51	0.47	0.50	0.61	0.52
qL_L10	0.60	0.50	0.48	0.48	0.60	0.53	0.53	0.52	0.49	0.53	0.53	0.55	0.46	0.52	0.46	0.53	0.50	0.50	0.57	0.54
qL_L11	0.60	0.55	0.44	0.48	0.58	0.55	0.51	0.48	0.50	0.51	0.50	0.54	0.52	0.49	0.45	0.51	0.55	0.46	0.58	0.55
qL_L12	0.62	0.55	0.51	0.48	0.57	0.51	0.56	0.50	0.51	0.54	0.54	0.55	0.47	0.54	0.52	0.49	0.56	0.51	0.59	0.55
qL_L13	0.62	0.59	0.52	0.48	0.59	0.60	0.56	0.50	0.50	0.52	0.52	0.59	0.44	0.53	0.52	0.57	0.54	0.51	0.66	0.56
qL_L14	0.60	0.61	0.53	0.50	0.55	0.53	0.57	0.50	0.48	0.54	0.54	0.56	0.46	0.54	0.50	0.52	0.50	0.52	0.62	0.55
qL_Lss	0.64	0.59	0.49	0.46	0.55	0.55	0.55	0.45	0.52	0.55	0.51	0.56	0.50	0.53	0.47	0.52	0.55	0.48	0.63	0.53
qL_D1	1.05	1.06	1.07	1.08	1.07	1.07	1.04	1.09	1.03	1.08	1.06	1.04	1.08	1.04	1.04	1.02	1.04	1.05	1.05	1.04
qL_D2	1.03	1.05	1.06	1.07	1.05	1.05	1.02	1.07	1.03	1.07	1.04	1.02	1.07	1.02	1.03	1.00	1.04	1.04	1.03	1.01
qL_D3	1.04	1.06	1.06	1.09	1.06	1.08	1.03	1.09	1.03	1.08	1.05	1.04	1.06	1.04	1.04	1.02	1.04	1.05	1.04	1.04
qL_D4	1.04	1.06	1.07	1.04	1.05	1.09	1.03	1.06	1.03	1.08	1.05	1.02	1.09	1.04	1.04	1.00	0.99	1.04	1.01	1.05
Rfd_L1	1.11	1.03	0.52	0.57	0.53	0.74	1.01	0.61	0.97	0.47	0.52	1.07	0.53	0.95	1.04	1.05	1.04	0.48	0.97	1.09
Rfd_L2	1.49	1.29	0.97	0.99	0.99	1.09	1.39	1.03	1.30	0.91	0.96	1.35	0.95	1.30	1.28	1.27	1.32	0.93	1.27	1.42
Rfd_L3	1.64	1.42	1.15	1.12	1.15	1.26	1.54	1.16	1.40	1.05	1.12	1.45	1.10	1.44	1.41	1.40	1.44	1.07	1.41	1.57
Rfd_L4	1.76	1.51	1.27	1.25	1.29	1.37	1.66	1.30	1.50	1.20	1.24	1.56	1.24	1.57	1.49	1.47	1.54	1.22	1.52	1.68
Rfd_L5	1.84	1.58	1.37	1.37	1.38	1.48	1.73	1.40	1.57	1.31	1.34	1.65	1.35	1.65	1.55	1.58	1.62	1.29	1.60	1.78
Rfd_L6	1.92	1.62	1.45	1.44	1.46	1.54	1.80	1.49	1.63	1.41	1.42	1.70	1.42	1.71	1.61	1.61	1.67	1.38	1.68	1.82
Rfd_L7	2.01	1.67	1.62	1.60	1.61	1.65	1.87	1.64	1.72	1.55	1.58	1.79	1.60	1.78	1.68	1.71	1.73	1.49	1.76	1.91
Rfd_L8	2.06	1.76	1.80	1.74	1.74	1.75	1.96	1.77	1.77	1.71	1.71	1.86	1.70	1.85	1.75	1.76	1.80	1.64	1.84	1.98
Rfd_L9	2.22	1.85	2.02	1.94	1.98	1.86	2.09	1.96	1.88	1.94	1.95	1.97	1.95	1.99	1.85	1.86	1.91	1.95	1.95	2.08
Rfd_L10	2.29	1.90	2.19	2.10	2.14	1.99	2.17	2.14	1.94	2.12	2.12	2.08	2.09	2.09	1.91	1.96	1.96	2.15	2.00	2.17
Rfd_L11	2.40	1.98	2.30	2.23	2.29	2.08	2.25	2.25	2.02	2.27	2.24	2.13	2.26	2.18	1.97	1.97	2.05	2.29	2.06	2.23
Rfd_L12	2.48	2.02	2.48	2.34	2.43	2.15	2.34	2.34	2.08	2.38	2.40	2.17	2.37	2.25	2.08	2.03	2.16	2.48	2.14	2.31
Rfd_L13	2.52	2.10	2.55	2.47	2.52	2.28	2.39	2.48	2.13	2.49	2.49	2.24	2.48	2.33	2.08	2.12	2.17	2.60	2.20	2.35
Rfd_L14	2.53	2.15	2.63	2.56	2.58	2.33	2.44	2.53	2.15	2.58	2.61	2.26	2.59	2.36	2.13	2.14	2.19	2.73	2.22	2.40
Rfd_Lss	2.60	2.19	2.69	2.61	2.67	2.41	2.48	2.58	2.23	2.68	2.69	2.31	2.67	2.43	2.18	2.19	2.28	2.85	2.28	2.43
